Per�odo:Ago/2023
"Município";"AIH_aprovadas";"Internações";"Valor_total";"Valor_serviços_hospitalares";"Val_serv_hosp_-_compl_federal";"Val_serv_hosp_-_compl_gestor";"Valor_serviços_profissionais";"Val_serv_prof_-_compl_federal";"Val_serv_prof_-_compl_gestor";"Valor_médio_AIH";"Valor_médio_intern";"Dias_permanência";"Média_permanência";"Óbitos";"Taxa_mortalidade"
"110001 ALTA FLORESTA D'OESTE";250;250;61136,16;52786,97;-;-;8349,19;-;-;244,54;244,54;583;2,3;1;0,40
"110002 ARIQUEMES";515;515;686017,63;508207,10;37639,69;-;119616,42;20554,42;-;1332,07;1332,07;1541;3,0;21;4,08
"110003 CABIXI";23;23;7043,37;6036,12;-;-;1007,25;-;-;306,23;306,23;54;2,3;-;-
"110004 CACOAL";1197;1197;1220186,36;982602,13;-;-;237584,23;-;-;1019,37;1019,37;5892;4,9;46;3,84
"110005 CEREJEIRAS";124;124;51484,59;41467,72;-;-;10016,87;-;-;415,20;415,20;338;2,7;-;-
"110006 COLORADO DO OESTE";50;50;22976,20;20601,00;-;-;2375,20;-;-;459,52;459,52;171;3,4;-;-
"110008 COSTA MARQUES";2;2;924,27;719,07;-;-;205,20;-;-;462,13;462,13;6;3,0;-;-
"110009 ESPIGAO D'OESTE";97;97;33697,90;29849,01;-;-;3848,89;-;-;347,40;347,40;234;2,4;2;2,06
"110010 GUAJARA-MIRIM";311;311;134276,96;105334,12;-;-;28942,84;-;-;431,76;431,76;1105;3,6;1;0,32
"110011 JARU";273;273;129509,74;95302,12;-;-;34207,62;-;-;474,39;474,39;991;3,6;7;2,56
"110012 JI-PARANA";688;688;359126,80;285504,42;-;-;73622,38;-;-;521,99;521,99;2421;3,5;36;5,23
"110013 MACHADINHO D'OESTE";224;224;91323,17;67879,33;-;-;23443,84;-;-;407,69;407,69;593;2,6;3;1,34
"110014 NOVA BRASILANDIA D'OESTE";74;74;32104,70;24525,19;-;-;7579,51;-;-;433,85;433,85;226;3,1;1;1,35
"110015 OURO PRETO DO OESTE";324;324;190672,30;134451,06;-;-;56221,24;-;-;588,49;588,49;508;1,6;2;0,62
"110018 PIMENTA BUENO";213;213;90562,63;74010,24;-;-;16552,39;-;-;425,18;425,18;552;2,6;2;0,94
"110020 PORTO VELHO";4696;4696;8605474,99;7148305,21;-;-;1457169,78;-;-;1832,51;1832,51;33591;7,2;199;4,24
"110025 PRESIDENTE MEDICI";90;90;45627,58;33990,63;-;-;11636,95;-;-;506,97;506,97;296;3,3;5;5,56
"110026 RIO CRESPO";4;4;1550,16;1371,23;-;-;178,93;-;-;387,54;387,54;10;2,5;-;-
"110028 ROLIM DE MOURA";317;317;125124,92;89291,04;-;-;35833,88;-;-;394,72;394,72;1007;3,2;2;0,63
"110029 SANTA LUZIA D'OESTE";19;19;7243,71;6314,19;-;-;929,52;-;-;381,25;381,25;77;4,1;2;10,53
"110030 VILHENA";781;781;654030,28;496122,45;-;-;157907,83;-;-;837,43;837,43;3015;3,9;20;2,56
"110032 SAO MIGUEL DO GUAPORE";117;117;53095,12;42050,25;-;-;11044,87;-;-;453,80;453,80;252;2,2;1;0,85
"110033 NOVA MAMORE";66;66;29533,98;22479,13;-;-;7054,85;-;-;447,48;447,48;174;2,6;-;-
"110034 ALVORADA D'OESTE";40;40;15887,05;12183,38;-;-;3703,67;-;-;397,18;397,18;126;3,1;-;-
"110037 ALTO ALEGRE DOS PARECIS";27;27;9575,18;8340,08;-;-;1235,10;-;-;354,64;354,64;83;3,1;-;-
"110040 ALTO PARAISO";18;18;7666,95;6739,25;-;-;927,70;-;-;425,94;425,94;44;2,4;-;-
"110045 BURITIS";167;167;69663,30;57501,59;-;-;12161,71;-;-;417,15;417,15;457;2,7;4;2,40
"110060 CACAULANDIA";6;6;1663,82;1448,58;-;-;215,24;-;-;277,30;277,30;17;2,8;1;16,67
"110070 CAMPO NOVO DE RONDONIA";9;9;4539,53;4071,13;-;-;468,40;-;-;504,39;504,39;21;2,3;-;-
"110080 CANDEIAS DO JAMARI";16;16;5883,32;5215,76;-;-;667,56;-;-;367,71;367,71;36;2,3;-;-
"110094 CUJUBIM";29;29;8636,42;7407,64;-;-;1228,78;-;-;297,81;297,81;-;-;1;3,45
"110100 GOVERNADOR JORGE TEIXEIRA";11;11;4309,53;3768,15;-;-;541,38;-;-;391,78;391,78;32;2,9;-;-
"110120 MINISTRO ANDREAZZA";23;23;8145,32;7221,16;-;-;924,16;-;-;354,14;354,14;79;3,4;-;-
"110130 MIRANTE DA SERRA";31;31;15941,02;14191,17;-;-;1749,85;-;-;514,23;514,23;100;3,2;1;3,23
"110140 MONTE NEGRO";49;49;24250,08;21621,92;-;-;2628,16;-;-;494,90;494,90;209;4,3;1;2,04
"110143 NOVA UNIAO";9;9;4352,52;3739,50;-;-;613,02;-;-;483,61;483,61;31;3,4;-;-
"110145 PARECIS";33;33;10373,92;8863,72;-;-;1510,20;-;-;314,36;314,36;34;1,0;-;-
"110146 PIMENTEIRAS DO OESTE";5;5;1996,51;1757,61;-;-;238,90;-;-;399,30;399,30;19;3,8;-;-
"110149 SAO FRANCISCO DO GUAPORE";153;153;80510,93;62951,99;-;-;17558,94;-;-;526,22;526,22;393;2,6;1;0,65
"110150 SERINGUEIRAS";164;164;95849,09;69306,79;-;-;26542,30;-;-;584,45;584,45;438;2,7;1;0,61
"110155 TEIXEIROPOLIS";6;6;2007,14;1731,05;-;-;276,09;-;-;334,52;334,52;13;2,2;-;-
"110160 THEOBROMA";4;4;1903,93;1688,75;-;-;215,18;-;-;475,98;475,98;31;7,8;-;-
"110170 URUPA";68;68;39509,90;30070,12;-;-;9439,78;-;-;581,03;581,03;124;1,8;1;1,47
"110175 VALE DO ANARI";10;10;3672,43;3207,27;-;-;465,16;-;-;367,24;367,24;37;3,7;-;-
"110180 VALE DO PARAISO";27;27;11476,68;10190,56;-;-;1286,12;-;-;425,06;425,06;74;2,7;-;-
"120001 ACRELANDIA";19;19;8177,56;7099,19;-;-;1078,37;-;-;430,40;430,40;70;3,7;-;-
"120005 ASSIS BRASIL";58;58;26126,26;20425,71;-;-;5700,55;-;-;450,45;450,45;239;4,1;-;-
"120010 BRASILEIA";216;216;91430,01;68564,16;-;-;22865,85;-;-;423,29;423,29;753;3,5;6;2,78
"120020 CRUZEIRO DO SUL";1054;1054;537213,72;399391,74;-;-;137821,98;-;-;509,69;509,69;4163;3,9;33;3,13
"120030 FEIJO";113;113;39381,00;29865,16;-;-;9515,84;-;-;348,50;348,50;328;2,9;-;-
"120033 MANCIO LIMA";69;69;26255,83;23177,59;-;-;3078,24;-;-;380,52;380,52;238;3,4;-;-
"120034 MANOEL URBANO";37;37;11073,41;8968,27;-;-;2105,14;-;-;299,28;299,28;104;2,8;1;2,70
"120035 MARECHAL THAUMATURGO";88;88;17237,86;13378,55;-;-;3859,31;-;-;195,88;195,88;185;2,1;-;-
"120038 PLACIDO DE CASTRO";39;39;12277,46;10300,28;-;-;1977,18;-;-;314,81;314,81;92;2,4;-;-
"120039 PORTO WALTER";15;15;4031,09;2982,64;-;-;1048,45;-;-;268,74;268,74;26;1,7;-;-
"120040 RIO BRANCO";2877;2874;3599399,10;2719717,63;-;-;879681,47;-;-;1251,09;1252,40;15737;5,5;114;3,97
"120045 SENADOR GUIOMARD";67;67;28159,56;22763,35;-;-;5396,21;-;-;420,29;420,29;198;3,0;2;2,99
"120050 SENA MADUREIRA";159;159;71322,95;51947,32;-;-;19375,63;-;-;448,57;448,57;400;2,5;-;-
"120060 TARAUACA";174;174;66237,82;49075,30;-;-;17162,52;-;-;380,68;380,68;403;2,3;4;2,30
"120070 XAPURI";66;66;22958,15;19846,40;-;-;3111,75;-;-;347,85;347,85;283;4,3;1;1,52
"130002 ALVARAES";63;63;26536,20;19432,27;-;-;7103,93;-;-;421,21;421,21;209;3,3;-;-
"130006 AMATURA";56;56;26543,87;18825,63;-;-;7718,24;-;-;474,00;474,00;155;2,8;-;-
"130008 ANAMA";131;131;38536,75;31769,96;-;-;6766,79;-;-;294,17;294,17;329;2,5;-;-
"130010 ANORI";116;116;44699,26;36420,55;-;-;8278,71;-;-;385,34;385,34;257;2,2;-;-
"130014 APUI";76;76;33775,23;24963,57;-;-;8811,66;-;-;444,41;444,41;251;3,3;-;-
"130020 ATALAIA DO NORTE";58;58;20051,48;15950,51;-;-;4100,97;-;-;345,72;345,72;141;2,4;-;-
"130030 AUTAZES";101;101;51653,74;36177,43;-;-;15476,31;-;-;511,42;511,42;281;2,8;-;-
"130040 BARCELOS";79;79;32957,51;24482,60;-;-;8474,91;-;-;417,18;417,18;298;3,8;2;2,53
"130050 BARREIRINHA";140;140;55382,01;41082,38;-;-;14299,63;-;-;395,59;395,59;383;2,7;-;-
"130060 BENJAMIN CONSTANT";136;136;66682,11;48781,61;-;-;17900,50;-;-;490,31;490,31;341;2,5;3;2,21
"130063 BERURI";64;64;21532,38;15414,41;-;-;6117,97;-;-;336,44;336,44;145;2,3;-;-
"130068 BOA VISTA DO RAMOS";67;67;23617,50;18413,65;-;-;5203,85;-;-;352,50;352,50;205;3,1;-;-
"130070 BOCA DO ACRE";139;139;74436,18;48111,28;-;-;26324,90;-;-;535,51;535,51;332;2,4;-;-
"130080 BORBA";276;276;147180,30;106368,52;-;-;40811,78;-;-;533,26;533,26;607;2,2;2;0,72
"130083 CAAPIRANGA";33;33;12810,48;9095,67;-;-;3714,81;-;-;388,20;388,20;160;4,8;-;-
"130090 CANUTAMA";69;69;28128,75;21815,67;-;-;6313,08;-;-;407,66;407,66;196;2,8;-;-
"130100 CARAUARI";261;261;162622,11;126530,56;-;-;36091,55;-;-;623,07;623,07;347;1,3;2;0,77
"130110 CAREIRO";111;111;93288,16;60053,72;-;-;33234,44;-;-;840,43;840,43;111;1,0;-;-
"130120 COARI";264;264;147703,12;110524,08;-;-;37179,04;-;-;559,48;559,48;750;2,8;8;3,03
"130130 CODAJAS";117;117;44841,59;34590,35;-;-;10251,24;-;-;383,26;383,26;337;2,9;2;1,71
"130140 EIRUNEPE";192;192;96874,44;70131,37;-;-;26743,07;-;-;504,55;504,55;614;3,2;6;3,13
"130150 ENVIRA";154;154;60144,96;42749,04;-;-;17395,92;-;-;390,55;390,55;344;2,2;4;2,60
"130160 FONTE BOA";117;117;51679,54;38630,17;-;-;13049,37;-;-;441,71;441,71;302;2,6;1;0,85
"130165 GUAJARA";41;41;14599,74;12759,36;-;-;1840,38;-;-;356,09;356,09;102;2,5;1;2,44
"130170 HUMAITA";101;101;52136,18;34735,48;-;-;17400,70;-;-;516,20;516,20;265;2,6;1;0,99
"130180 IPIXUNA";157;157;73409,76;57186,58;-;-;16223,18;-;-;467,58;467,58;404;2,6;-;-
"130185 IRANDUBA";69;69;36021,81;30836,09;-;-;5185,72;-;-;522,06;522,06;227;3,3;1;1,45
"130190 ITACOATIARA";441;441;228138,67;159450,21;-;-;68688,46;-;-;517,32;517,32;1725;3,9;9;2,04
"130195 ITAMARATI";84;84;38032,02;29221,54;-;-;8810,48;-;-;452,76;452,76;291;3,5;1;1,19
"130200 ITAPIRANGA";25;25;12530,99;9559,36;-;-;2971,63;-;-;501,24;501,24;74;3,0;1;4,00
"130210 JAPURA";60;60;19103,07;14403,68;-;-;4699,39;-;-;318,38;318,38;138;2,3;1;1,67
"130230 JUTAI";8;8;4031,30;2837,73;-;-;1193,57;-;-;503,91;503,91;12;1,5;-;-
"130240 LABREA";68;68;31945,83;22807,13;-;-;9138,70;-;-;469,79;469,79;207;3,0;-;-
"130250 MANACAPURU";547;547;297747,64;217804,67;-;-;79942,97;-;-;544,33;544,33;1558;2,8;8;1,46
"130255 MANAQUIRI";50;50;22104,29;17206,31;-;-;4897,98;-;-;442,09;442,09;159;3,2;-;-
"130260 MANAUS";13143;13143;21170337,93;16758603,36;-;-;4411734,57;-;-;1610,77;1610,77;82475;6,3;574;4,37
"130270 MANICORE";135;135;70407,87;48024,26;-;-;22383,61;-;-;521,54;521,54;284;2,1;-;-
"130280 MARAA";79;79;34728,21;27070,54;-;-;7657,67;-;-;439,60;439,60;226;2,9;1;1,27
"130290 MAUES";279;279;143632,16;100274,77;-;-;43357,39;-;-;514,81;514,81;742;2,7;2;0,72
"130300 NHAMUNDA";55;55;23418,49;15905,04;-;-;7513,45;-;-;425,79;425,79;169;3,1;1;1,82
"130310 NOVA OLINDA DO NORTE";113;113;53086,06;38400,19;-;-;14685,87;-;-;469,79;469,79;496;4,4;-;-
"130320 NOVO AIRAO";92;92;48804,32;36119,60;-;-;12684,72;-;-;530,48;530,48;191;2,1;-;-
"130330 NOVO ARIPUANA";183;183;77315,69;60891,18;-;-;16424,51;-;-;422,49;422,49;514;2,8;-;-
"130340 PARINTINS";762;762;328921,77;240534,60;-;-;88387,17;-;-;431,66;431,66;2704;3,5;12;1,57
"130350 PAUINI";5;5;3011,89;2113,93;-;-;897,96;-;-;602,38;602,38;18;3,6;-;-
"130353 PRESIDENTE FIGUEIREDO";94;94;50042,64;36368,64;-;-;13674,00;-;-;532,37;532,37;216;2,3;-;-
"130356 RIO PRETO DA EVA";37;37;20009,31;12612,74;1587,28;-;4985,91;823,38;-;540,79;540,79;88;2,4;-;-
"130360 SANTA ISABEL DO RIO NEGRO";37;37;15982,32;12190,55;-;-;3791,77;-;-;431,95;431,95;106;2,9;1;2,70
"130370 SANTO ANTONIO DO ICA";147;147;60309,08;42394,66;-;-;17914,42;-;-;410,27;410,27;306;2,1;1;0,68
"130390 SAO PAULO DE OLIVENCA";165;165;154896,24;140858,27;-;-;14037,97;-;-;938,77;938,77;455;2,8;1;0,61
"130395 SAO SEBASTIAO DO UATUMA";42;42;19293,64;14434,39;-;-;4859,25;-;-;459,37;459,37;157;3,7;-;-
"130400 SILVES";81;81;33449,38;26374,71;-;-;7074,67;-;-;412,96;412,96;189;2,3;-;-
"130406 TABATINGA";109;109;75110,56;60564,91;-;-;14545,65;-;-;689,09;689,09;584;5,4;3;2,75
"130410 TAPAUA";160;160;56211,40;40970,50;-;-;15240,90;-;-;351,32;351,32;334;2,1;-;-
"130420 TEFE";551;551;279966,00;196832,44;3095,28;-;78324,91;1713,37;-;508,11;508,11;1207;2,2;6;1,09
"130423 TONANTINS";85;85;33803,98;23926,71;-;-;9877,27;-;-;397,69;397,69;242;2,8;1;1,18
"130426 UARINI";80;80;49371,64;36598,02;-;-;12773,62;-;-;617,15;617,15;169;2,1;-;-
"130430 URUCARA";57;57;23954,33;17373,20;-;-;6581,13;-;-;420,25;420,25;188;3,3;1;1,75
"130440 URUCURITUBA";29;29;11235,47;8480,16;-;-;2755,31;-;-;387,43;387,43;56;1,9;-;-
"140005 ALTO ALEGRE";23;23;8555,80;7224,53;-;-;1331,27;-;-;371,99;371,99;75;3,3;-;-
"140010 BOA VISTA";4235;4235;4600133,64;3616352,70;-;-;983780,94;-;-;1086,22;1086,22;29431;6,9;142;3,35
"140015 BONFIM";5;5;2291,00;1362,00;-;-;929,00;-;-;458,20;458,20;5;1,0;-;-
"140020 CARACARAI";15;15;7785,59;6273,38;-;-;1512,21;-;-;519,04;519,04;55;3,7;-;-
"140023 CAROEBE";21;21;6229,85;4913,86;-;-;1315,99;-;-;296,66;296,66;40;1,9;-;-
"140045 PACARAIMA";77;77;28778,43;23491,64;-;-;5286,79;-;-;373,75;373,75;172;2,2;1;1,30
"140047 RORAINOPOLIS";234;234;102982,21;81113,18;-;-;21869,03;-;-;440,09;440,09;885;3,8;-;-
"140050 SAO JOAO DA BALIZA";40;40;7752,49;6650,93;-;-;1101,56;-;-;193,81;193,81;75;1,9;1;2,50
"140060 SAO LUIZ";5;5;1866,30;1616,80;-;-;249,50;-;-;373,26;373,26;9;1,8;-;-
"150010 ABAETETUBA";1058;1058;655545,70;494743,73;-;-;160801,97;-;-;619,61;619,61;4087;3,9;24;2,27
"150013 ABEL FIGUEIREDO";38;38;13746,99;10456,15;-;-;3290,84;-;-;361,76;361,76;106;2,8;1;2,63
"150020 ACARA";99;99;39978,09;29302,08;-;-;10676,01;-;-;403,82;403,82;432;4,4;3;3,03
"150030 AFUA";62;62;25061,01;20499,76;-;-;4561,25;-;-;404,21;404,21;253;4,1;1;1,61
"150034 AGUA AZUL DO NORTE";64;64;28126,04;21723,78;-;-;6402,26;-;-;439,47;439,47;165;2,6;2;3,13
"150040 ALENQUER";443;443;138645,95;107536,22;-;-;31109,73;-;-;312,97;312,97;1027;2,3;5;1,13
"150050 ALMEIRIM";179;179;80370,76;60037,75;-;-;20333,01;-;-;449,00;449,00;382;2,1;2;1,12
"150060 ALTAMIRA";1082;1082;1120039,66;822348,82;30274,61;-;249462,58;17953,65;-;1035,16;1035,16;5460;5,0;35;3,23
"150070 ANAJAS";133;133;56460,49;42348,40;-;-;14112,09;-;-;424,51;424,51;254;1,9;-;-
"150080 ANANINDEUA";2623;2623;3973928,88;3001879,82;96865,90;-;817011,19;58171,97;-;1515,03;1515,03;11034;4,2;62;2,36
"150085 ANAPU";111;111;55176,06;43480,33;-;-;11695,73;-;-;497,08;497,08;331;3,0;-;-
"150090 AUGUSTO CORREA";219;219;96123,42;83473,56;-;-;12649,86;-;-;438,92;438,92;831;3,8;-;-
"150095 AURORA DO PARA";117;117;45556,54;35533,16;-;-;10023,38;-;-;389,37;389,37;408;3,5;1;0,85
"150110 BAGRE";32;32;14944,08;10418,98;-;-;4525,10;-;-;467,00;467,00;68;2,1;-;-
"150120 BAIAO";194;194;91360,52;76703,94;-;-;14656,58;-;-;470,93;470,93;491;2,5;2;1,03
"150125 BANNACH";16;16;5584,55;4947,43;-;-;637,12;-;-;349,03;349,03;38;2,4;1;6,25
"150130 BARCARENA";711;711;586938,56;426702,86;15697,96;-;135418,39;9119,35;-;825,51;825,51;2667;3,8;12;1,69
"150140 BELEM";10837;10837;23491053,95;17933571,99;103500,24;-;5404307,67;49674,05;-;2167,67;2167,67;62510;5,8;497;4,59
"150145 BELTERRA";32;32;14352,71;11117,14;-;-;3235,57;-;-;448,52;448,52;114;3,6;-;-
"150157 BOM JESUS DO TOCANTINS";120;120;35935,14;28599,75;-;-;7335,39;-;-;299,46;299,46;232;1,9;1;0,83
"150170 BRAGANCA";1173;1173;1287267,05;1008191,32;-;-;279075,73;-;-;1097,41;1097,41;4682;4,0;16;1,36
"150172 BRASIL NOVO";214;214;131439,21;98071,10;7632,98;-;21845,07;3890,06;-;614,20;614,20;633;3,0;-;-
"150175 BREJO GRANDE DO ARAGUAIA";53;53;16807,59;14503,87;-;-;2303,72;-;-;317,12;317,12;138;2,6;-;-
"150178 BREU BRANCO";86;86;36464,37;25075,23;-;-;11389,14;-;-;424,00;424,00;221;2,6;1;1,16
"150180 BREVES";773;773;720416,12;573048,38;-;-;147367,74;-;-;931,97;931,97;4005;5,2;11;1,42
"150200 CACHOEIRA DO ARARI";92;92;29859,03;23649,22;-;-;6209,81;-;-;324,55;324,55;226;2,5;-;-
"150210 CAMETA";691;691;345916,62;244555,16;-;-;101361,46;-;-;500,60;500,60;1948;2,8;15;2,17
"150215 CANAA DOS CARAJAS";452;452;198700,89;142039,91;-;-;56660,98;-;-;439,60;439,60;1694;3,7;12;2,65
"150220 CAPANEMA";597;597;743616,37;595884,44;-;-;147731,93;-;-;1245,59;1245,59;2589;4,3;22;3,69
"150230 CAPITAO POCO";128;128;52312,32;40754,75;-;-;11557,57;-;-;408,69;408,69;366;2,9;1;0,78
"150240 CASTANHAL";2052;2052;1872758,35;1482830,58;-;-;389927,77;-;-;912,65;912,65;7750;3,8;84;4,09
"150250 CHAVES";21;21;6338,88;4774,66;-;-;1564,22;-;-;301,85;301,85;48;2,3;-;-
"150270 CONCEICAO DO ARAGUAIA";310;310;193338,45;153418,33;-;-;39920,12;-;-;623,67;623,67;976;3,1;2;0,65
"150275 CONCORDIA DO PARA";69;69;24582,30;20569,42;-;-;4012,88;-;-;356,27;356,27;263;3,8;3;4,35
"150276 CUMARU DO NORTE";80;80;21373,55;17583,41;-;-;3790,14;-;-;267,17;267,17;203;2,5;-;-
"150277 CURIONOPOLIS";100;100;43046,75;32529,60;-;-;10517,15;-;-;430,47;430,47;256;2,6;-;-
"150280 CURRALINHO";150;150;61692,86;47593,71;-;-;14099,15;-;-;411,29;411,29;687;4,6;-;-
"150290 CURUCA";141;141;55072,65;47830,05;-;-;7242,60;-;-;390,59;390,59;436;3,1;6;4,26
"150293 DOM ELISEU";157;157;63270,83;46056,63;-;-;17214,20;-;-;403,00;403,00;408;2,6;4;2,55
"150295 ELDORADO DOS CARAJAS";87;87;42048,35;35681,39;-;-;6366,96;-;-;483,31;483,31;243;2,8;-;-
"150304 FLORESTA DO ARAGUAIA";148;148;60944,03;47916,00;-;-;13028,03;-;-;411,78;411,78;213;1,4;-;-
"150307 GARRAFAO DO NORTE";55;55;26730,82;22624,95;-;-;4105,87;-;-;486,01;486,01;194;3,5;1;1,82
"150309 GOIANESIA DO PARA";158;158;67686,46;53822,86;-;-;13863,60;-;-;428,40;428,40;605;3,8;-;-
"150310 GURUPA";171;171;67543,79;52448,39;-;-;15095,40;-;-;394,99;394,99;388;2,3;1;0,58
"150320 IGARAPE-ACU";100;100;50485,92;44334,62;-;-;6151,30;-;-;504,86;504,86;414;4,1;7;7,00
"150330 IGARAPE-MIRI";724;724;265574,52;210500,32;-;-;55074,20;-;-;366,82;366,82;2045;2,8;8;1,10
"150345 IPIXUNA DO PARA";429;429;185921,37;138071,49;-;-;47849,88;-;-;433,38;433,38;1399;3,3;1;0,23
"150350 IRITUIA";69;69;25040,53;21218,76;-;-;3821,77;-;-;362,91;362,91;195;2,8;1;1,45
"150360 ITAITUBA";802;802;808897,00;631354,18;-;-;177542,82;-;-;1008,60;1008,60;4669;5,8;46;5,74
"150370 ITUPIRANGA";117;117;58140,46;43173,17;-;-;14967,29;-;-;496,93;496,93;375;3,2;5;4,27
"150375 JACAREACANGA";115;115;42954,93;31367,64;-;-;11587,29;-;-;373,52;373,52;398;3,5;2;1,74
"150380 JACUNDA";239;239;102466,72;76897,53;-;-;25569,19;-;-;428,73;428,73;625;2,6;1;0,42
"150390 JURUTI";184;184;91153,43;63789,39;-;-;27364,04;-;-;495,40;495,40;399;2,2;-;-
"150400 LIMOEIRO DO AJURU";119;119;48190,91;42038,31;-;-;6152,60;-;-;404,97;404,97;357;3,0;-;-
"150405 MAE DO RIO";152;152;64099,85;49080,09;-;-;15019,76;-;-;421,71;421,71;436;2,9;1;0,66
"150420 MARABA";1437;1437;1494930,75;1121723,39;36866,72;-;316303,89;20036,75;-;1040,31;1040,31;6490;4,5;50;3,48
"150430 MARACANA";31;31;9920,08;8276,63;-;-;1643,45;-;-;320,00;320,00;157;5,1;-;-
"150440 MARAPANIM";38;38;13754,39;11615,53;-;-;2138,86;-;-;361,96;361,96;167;4,4;2;5,26
"150442 MARITUBA";601;601;483846,50;360010,63;-;-;123835,87;-;-;805,07;805,07;2385;4,0;9;1,50
"150445 MEDICILANDIA";134;134;55815,31;43025,36;-;-;12789,95;-;-;416,53;416,53;417;3,1;-;-
"150450 MELGACO";79;79;29254,83;23294,80;-;-;5960,03;-;-;370,31;370,31;207;2,6;-;-
"150460 MOCAJUBA";142;142;77226,43;62684,83;-;-;14541,60;-;-;543,85;543,85;534;3,8;-;-
"150470 MOJU";120;120;43281,36;35348,93;-;-;7932,43;-;-;360,68;360,68;359;3,0;5;4,17
"150480 MONTE ALEGRE";245;245;99677,34;73055,58;-;-;26621,76;-;-;406,85;406,85;803;3,3;3;1,22
"150490 MUANA";189;189;83135,78;61341,88;1271,36;-;19971,32;551,22;-;439,87;439,87;532;2,8;1;0,53
"150495 NOVA ESPERANCA DO PIRIA";39;39;16260,14;13432,14;-;-;2828,00;-;-;416,93;416,93;108;2,8;-;-
"150497 NOVA IPIXUNA";34;34;10051,41;8187,40;-;-;1864,01;-;-;295,63;295,63;110;3,2;-;-
"150503 NOVO PROGRESSO";205;205;102817,59;77694,13;-;-;25123,46;-;-;501,55;501,55;928;4,5;2;0,98
"150506 NOVO REPARTIMENTO";236;236;117900,75;82319,42;-;-;35581,33;-;-;499,58;499,58;770;3,3;2;0,85
"150510 OBIDOS";229;229;96141,89;72399,20;-;-;23742,69;-;-;419,83;419,83;1137;5,0;12;5,24
"150520 OEIRAS DO PARA";120;120;47705,59;39078,03;-;-;8627,56;-;-;397,55;397,55;440;3,7;-;-
"150530 ORIXIMINA";392;392;194076,85;142135,05;-;-;51941,80;-;-;495,09;495,09;1454;3,7;15;3,83
"150540 OUREM";65;65;40253,92;32866,25;-;-;7387,67;-;-;619,29;619,29;270;4,2;1;1,54
"150543 OURILANDIA DO NORTE";245;245;105971,20;89492,80;-;-;16478,40;-;-;432,54;432,54;743;3,0;5;2,04
"150548 PACAJA";191;191;80078,85;63029,87;-;-;17048,98;-;-;419,26;419,26;473;2,5;7;3,66
"150549 PALESTINA DO PARA";33;33;12444,72;10556,14;-;-;1888,58;-;-;377,11;377,11;93;2,8;-;-
"150550 PARAGOMINAS";578;578;478651,61;358374,25;-;-;120277,36;-;-;828,12;828,12;2583;4,5;10;1,73
"150553 PARAUAPEBAS";1042;1042;859211,49;645561,26;-;-;213650,23;-;-;824,58;824,58;5356;5,1;32;3,07
"150555 PAU D'ARCO";58;58;22243,48;17354,93;-;-;4888,55;-;-;383,51;383,51;144;2,5;-;-
"150563 PICARRA";63;63;17489,01;14576,07;-;-;2912,94;-;-;277,60;277,60;130;2,1;-;-
"150565 PLACAS";133;133;35360,27;27989,47;-;-;7370,80;-;-;265,87;265,87;291;2,2;-;-
"150570 PONTA DE PEDRAS";93;93;32733,38;28021,46;-;-;4711,92;-;-;351,97;351,97;264;2,8;-;-
"150580 PORTEL";210;210;118568,71;88007,52;-;-;30561,19;-;-;564,61;564,61;588;2,8;1;0,48
"150590 PORTO DE MOZ";210;210;67380,32;52146,56;-;-;15233,76;-;-;320,86;320,86;306;1,5;-;-
"150600 PRAINHA";90;90;41412,86;30283,68;-;-;11129,18;-;-;460,14;460,14;269;3,0;-;-
"150613 REDENCAO";862;862;1409646,73;1038848,84;69922,29;-;249494,07;51381,53;-;1635,32;1635,32;3885;4,5;31;3,60
"150616 RIO MARIA";107;107;53386,14;39985,31;590,44;-;12492,90;317,49;-;498,94;498,94;325;3,0;-;-
"150618 RONDON DO PARA";145;145;62756,43;44810,68;-;-;17945,75;-;-;432,80;432,80;324;2,2;2;1,38
"150619 RUROPOLIS";137;137;59030,18;42183,95;-;-;16846,23;-;-;430,88;430,88;364;2,7;-;-
"150620 SALINOPOLIS";232;232;120507,60;90249,58;-;-;30258,02;-;-;519,43;519,43;779;3,4;6;2,59
"150630 SALVATERRA";79;79;46314,21;34829,59;-;-;11484,62;-;-;586,26;586,26;317;4,0;-;-
"150640 SANTA CRUZ DO ARARI";42;42;14928,84;13264,60;-;-;1664,24;-;-;355,45;355,45;111;2,6;-;-
"150650 SANTA IZABEL DO PARA";100;100;42335,36;36937,83;-;-;5397,53;-;-;423,35;423,35;324;3,2;5;5,00
"150658 SANTA MARIA DAS BARREIRAS";66;66;20291,77;16290,00;-;-;4001,77;-;-;307,45;307,45;174;2,6;-;-
"150660 SANTA MARIA DO PARA";59;59;25542,42;22554,12;-;-;2988,30;-;-;432,92;432,92;150;2,5;4;6,78
"150670 SANTANA DO ARAGUAIA";427;427;139976,43;107384,56;2924,91;-;28157,15;1509,81;-;327,81;327,81;778;1,8;-;-
"150680 SANTAREM";1787;1787;2407826,68;1861421,90;30290,43;-;498442,53;17671,82;-;1347,41;1347,41;10262;5,7;102;5,71
"150700 SANTO ANTONIO DO TAUA";541;541;210881,88;166358,78;-;-;44523,10;-;-;389,80;389,80;1736;3,2;-;-
"150715 SAO DOMINGOS DO ARAGUAIA";43;43;15640,66;12099,59;-;-;3541,07;-;-;363,74;363,74;149;3,5;-;-
"150720 SAO DOMINGOS DO CAPIM";68;68;24843,74;21213,57;-;-;3630,17;-;-;365,35;365,35;190;2,8;1;1,47
"150730 SAO FELIX DO XINGU";365;365;184939,70;147757,41;-;-;37182,29;-;-;506,68;506,68;1440;3,9;3;0,82
"150745 SAO GERALDO DO ARAGUAIA";141;141;65867,23;49114,59;-;-;16752,64;-;-;467,14;467,14;513;3,6;1;0,71
"150747 SAO JOAO DE PIRABAS";59;59;22170,49;17961,32;-;-;4209,17;-;-;375,77;375,77;188;3,2;1;1,69
"150750 SAO JOAO DO ARAGUAIA";14;14;7005,24;6167,25;-;-;837,99;-;-;500,37;500,37;44;3,1;-;-
"150760 SAO MIGUEL DO GUAMA";171;171;51252,55;40920,33;-;-;10332,22;-;-;299,72;299,72;604;3,5;4;2,34
"150770 SAO SEBASTIAO DA BOA VISTA";127;127;52040,79;44506,61;-;-;7534,18;-;-;409,77;409,77;305;2,4;-;-
"150775 SAPUCAIA";21;21;10572,12;9145,08;-;-;1427,04;-;-;503,43;503,43;53;2,5;-;-
"150780 SENADOR JOSE PORFIRIO";80;80;26365,49;21866,05;-;-;4499,44;-;-;329,57;329,57;206;2,6;-;-
"150790 SOURE";134;134;49437,44;38742,12;-;-;10695,32;-;-;368,94;368,94;312;2,3;3;2,24
"150795 TAILANDIA";407;407;223400,07;149976,99;9918,17;-;58303,75;5201,16;-;548,89;548,89;1209;3,0;12;2,95
"150797 TERRA SANTA";92;92;35434,71;26306,01;-;-;9128,70;-;-;385,16;385,16;232;2,5;1;1,09
"150800 TOME-ACU";301;301;141551,87;105089,70;-;-;36462,17;-;-;470,27;470,27;1085;3,6;8;2,66
"150803 TRACUATEUA";105;105;41449,91;36586,82;-;-;4863,09;-;-;394,76;394,76;357;3,4;-;-
"150805 TRAIRAO";128;128;37230,04;29054,91;-;-;8175,13;-;-;290,86;290,86;375;2,9;-;-
"150808 TUCUMA";353;353;152366,28;127547,45;-;-;24818,83;-;-;431,63;431,63;919;2,6;3;0,85
"150810 TUCURUI";448;448;503170,48;380825,75;-;-;122344,73;-;-;1123,15;1123,15;1990;4,4;5;1,12
"150812 ULIANOPOLIS";262;262;113746,73;94749,90;-;-;18996,83;-;-;434,15;434,15;783;3,0;2;0,76
"150815 URUARA";246;246;98411,40;77084,67;-;-;21326,73;-;-;400,05;400,05;890;3,6;4;1,63
"150820 VIGIA";139;139;61338,66;53249,60;-;-;8089,06;-;-;441,29;441,29;500;3,6;-;-
"150830 VISEU";188;188;69374,38;55295,38;-;-;14079,00;-;-;369,01;369,01;486;2,6;2;1,06
"150835 VITORIA DO XINGU";163;163;76392,72;55378,26;-;-;21014,46;-;-;468,67;468,67;878;5,4;3;1,84
"150840 XINGUARA";289;289;111738,23;85920,82;1145,88;-;23875,49;796,04;-;386,64;386,64;676;2,3;1;0,35
"160005 SERRA DO NAVIO";2;2;647,90;444,16;-;-;203,74;-;-;323,95;323,95;7;3,5;-;-
"160010 AMAPA";23;23;8176,61;6559,91;-;-;1616,70;-;-;355,50;355,50;78;3,4;-;-
"160015 PEDRA BRANCA DO AMAPARI";8;8;2977,10;2436,11;-;-;540,99;-;-;372,14;372,14;23;2,9;-;-
"160020 CALCOENE";19;19;5612,92;3907,33;-;-;1705,59;-;-;295,42;295,42;57;3,0;-;-
"160023 FERREIRA GOMES";5;5;1957,78;1523,39;-;-;434,39;-;-;391,56;391,56;6;1,2;-;-
"160027 LARANJAL DO JARI";452;452;203302,99;146429,56;-;-;56873,43;-;-;449,79;449,79;843;1,9;5;1,11
"160030 MACAPA";2418;2418;2741022,19;2084938,94;-;-;656083,25;-;-;1133,59;1133,59;16573;6,9;84;3,47
"160040 MAZAGAO";10;10;3639,61;3093,12;-;-;546,49;-;-;363,96;363,96;42;4,2;-;-
"160050 OIAPOQUE";124;124;49995,01;36634,28;-;-;13360,73;-;-;403,19;403,19;352;2,8;3;2,42
"160060 SANTANA";945;945;484077,40;369750,11;-;-;114327,29;-;-;512,25;512,25;3856;4,1;36;3,81
"160070 TARTARUGALZINHO";5;5;2257,00;1378,00;-;-;879,00;-;-;451,40;451,40;5;1,0;-;-
"170070 ALVORADA";57;57;45549,75;21743,55;9915,84;-;8502,40;5387,96;-;799,12;799,12;202;3,5;3;5,26
"170100 ANANAS";7;7;3418,98;2981,76;-;-;437,22;-;-;488,43;488,43;45;6,4;-;-
"170190 ARAGUACEMA";57;57;28738,83;21728,44;-;-;7010,39;-;-;504,19;504,19;158;2,8;-;-
"170200 ARAGUACU";28;28;8401,87;7199,93;-;-;1201,94;-;-;300,07;300,07;70;2,5;-;-
"170210 ARAGUAINA";1985;1985;2937443,66;2208004,58;52184,60;-;650023,53;27230,95;-;1479,82;1479,82;10575;5,3;68;3,43
"170220 ARAGUATINS";56;56;39229,38;28390,90;-;-;10838,48;-;-;700,52;700,52;160;2,9;-;-
"170230 ARAPOEMA";128;128;114130,96;50708,23;28602,08;-;19309,06;15511,59;-;891,65;891,65;369;2,9;1;0,78
"170255 AUGUSTINOPOLIS";442;442;324252,57;170097,43;43924,47;-;83779,83;26450,84;-;733,60;733,60;1279;2,9;12;2,71
"170370 BREJINHO DE NAZARE";8;8;2267,53;1956,75;-;-;310,78;-;-;283,44;283,44;-;-;-;-
"170550 COLINAS DO TOCANTINS";147;147;73875,74;52451,68;-;-;21424,06;-;-;502,56;502,56;398;2,7;3;2,04
"170700 DIANOPOLIS";37;37;39520,26;15873,68;10196,25;-;7965,73;5484,60;-;1068,12;1068,12;51;1,4;1;2,70
"170820 FORMOSO DO ARAGUAIA";42;42;19450,88;16946,59;-;-;2504,29;-;-;463,12;463,12;122;2,9;-;-
"170900 GOIATINS";8;8;2798,65;2395,28;-;-;403,37;-;-;349,83;349,83;29;3,6;-;-
"170930 GUARAI";268;268;196417,88;102197,85;35545,82;-;39538,94;19135,27;-;732,90;732,90;784;2,9;3;1,12
"170950 GURUPI";736;736;781930,40;586073,84;28558,11;-;150622,07;16676,38;-;1062,41;1062,41;3877;5,3;32;4,35
"171050 ITACAJA";10;10;4183,68;3413,15;-;-;770,53;-;-;418,37;418,37;26;2,6;-;-
"171190 LAGOA DA CONFUSAO";16;16;6032,73;5189,22;-;-;843,51;-;-;377,05;377,05;42;2,6;-;-
"171320 MIRACEMA DO TOCANTINS";378;378;332553,65;230862,20;34929,11;-;45599,56;21162,78;-;879,77;879,77;1443;3,8;9;2,38
"171420 NATIVIDADE";6;6;2354,92;1995,25;-;-;359,67;-;-;392,49;392,49;34;5,7;-;-
"171575 PALMEIROPOLIS";10;10;3641,76;3144,28;-;-;497,48;-;-;364,18;364,18;55;5,5;-;-
"171610 PARAISO DO TOCANTINS";405;405;272957,37;155913,52;35951,71;-;61664,94;19427,20;-;673,97;673,97;1375;3,4;11;2,72
"171620 PARANA";10;10;4867,53;4148,00;-;-;719,53;-;-;486,75;486,75;22;2,2;-;-
"171650 PEDRO AFONSO";89;89;68129,73;34603,36;14076,11;-;11175,69;8274,57;-;765,50;765,50;283;3,2;1;1,12
"171660 PEIXE";8;8;2374,26;2071,43;-;-;302,83;-;-;296,78;296,78;27;3,4;-;-
"171750 PIUM";41;41;15779,76;11100,39;-;-;4679,37;-;-;384,87;384,87;93;2,3;-;-
"171790 PONTE ALTA DO TOCANTINS";4;4;2329,68;2016,28;-;-;313,40;-;-;582,42;582,42;4;1,0;-;-
"171820 PORTO NACIONAL";419;419;279166,15;189809,82;11940,99;-;70905,86;6509,48;-;666,27;666,27;1861;4,4;15;3,58
"172065 SILVANOPOLIS";6;6;1939,14;1546,18;-;-;392,96;-;-;323,19;323,19;14;2,3;-;-
"172080 SITIO NOVO DO TOCANTINS";33;33;26056,96;17187,32;-;-;8869,64;-;-;789,60;789,60;33;1,0;-;-
"172090 TAGUATINGA";65;65;36726,06;25828,76;-;-;10897,30;-;-;565,02;565,02;119;1,8;1;1,54
"172100 PALMAS";2406;2406;3816013,56;2844031,90;91825,79;-;835225,30;44930,57;-;1586,04;1586,04;14389;6,0;108;4,49
"172120 TOCANTINOPOLIS";109;109;58098,01;40601,22;-;-;17496,79;-;-;533,01;533,01;271;2,5;1;0,92
"172210 XAMBIOA";124;124;82456,13;44324,60;15257,80;-;13900,39;8973,34;-;664,97;664,97;328;2,6;1;0,81
"210005 ACAILANDIA";715;715;439842,18;335720,18;-;-;104122,00;-;-;615,16;615,16;2717;3,8;18;2,52
"210020 ALCANTARA";8;8;2429,48;1760,65;-;-;668,83;-;-;303,69;303,69;16;2,0;-;-
"210030 ALDEIAS ALTAS";46;46;15726,89;13371,68;-;-;2355,21;-;-;341,89;341,89;92;2,0;-;-
"210043 ALTO ALEGRE DO MARANHAO";358;358;175828,42;128513,29;-;-;47315,13;-;-;491,14;491,14;1602;4,5;10;2,79
"210047 ALTO ALEGRE DO PINDARE";245;245;109873,69;87429,57;-;-;22444,12;-;-;448,46;448,46;574;2,3;1;0,41
"210050 ALTO PARNAIBA";12;12;4436,81;3581,67;-;-;855,14;-;-;369,73;369,73;27;2,3;-;-
"210060 AMARANTE DO MARANHAO";259;259;113016,64;86732,19;-;-;26284,45;-;-;436,36;436,36;1024;4,0;2;0,77
"210070 ANAJATUBA";70;70;20123,90;16854,86;-;-;3269,04;-;-;287,48;287,48;211;3,0;-;-
"210080 ANAPURUS";37;37;19465,96;14944,82;-;-;4521,14;-;-;526,11;526,11;85;2,3;-;-
"210083 APICUM-ACU";100;100;30851,07;26623,73;-;-;4227,34;-;-;308,51;308,51;200;2,0;1;1,00
"210087 ARAGUANA";75;75;30166,62;26653,75;-;-;3512,87;-;-;402,22;402,22;226;3,0;-;-
"210090 ARAIOSES";15;15;6130,46;3875,17;-;-;2255,29;-;-;408,70;408,70;33;2,2;-;-
"210100 ARARI";42;42;17110,30;13802,66;-;-;3307,64;-;-;407,39;407,39;145;3,5;-;-
"210110 AXIXA";26;26;7603,72;6500,92;-;-;1102,80;-;-;292,45;292,45;131;5,0;-;-
"210120 BACABAL";959;959;846166,23;669639,29;-;-;176526,94;-;-;882,34;882,34;3243;3,4;34;3,55
"210125 BACABEIRA";35;35;11027,58;8252,89;-;-;2774,69;-;-;315,07;315,07;61;1,7;-;-
"210130 BACURI";104;104;37814,88;30170,89;-;-;7643,99;-;-;363,60;363,60;208;2,0;-;-
"210140 BALSAS";660;660;591114,55;447478,95;-;-;143635,60;-;-;895,63;895,63;2706;4,1;7;1,06
"210150 BARAO DE GRAJAU";31;31;11115,23;9704,01;-;-;1411,22;-;-;358,56;358,56;137;4,4;-;-
"210160 BARRA DO CORDA";351;351;345173,49;265539,75;-;-;79633,74;-;-;983,40;983,40;1309;3,7;8;2,28
"210170 BARREIRINHAS";377;377;379412,97;304746,40;-;-;74666,57;-;-;1006,40;1006,40;1884;5,0;8;2,12
"210177 BELA VISTA DO MARANHAO";32;32;11233,13;9655,59;-;-;1577,54;-;-;351,04;351,04;146;4,6;-;-
"210190 BEQUIMAO";49;49;20587,85;15793,34;-;-;4794,51;-;-;420,16;420,16;198;4,0;-;-
"210193 BERNARDO DO MEARIM";52;52;7169,25;6000,80;-;-;1168,45;-;-;137,87;137,87;29;0,6;-;-
"210200 BOM JARDIM";154;154;75473,21;56450,49;-;-;19022,72;-;-;490,09;490,09;348;2,3;1;0,65
"210203 BOM JESUS DAS SELVAS";91;91;44303,07;36727,29;-;-;7575,78;-;-;486,85;486,85;262;2,9;1;1,10
"210210 BREJO";79;79;31119,75;23758,52;-;-;7361,23;-;-;393,92;393,92;171;2,2;2;2,53
"210220 BURITI";180;180;51783,09;43643,65;-;-;8139,44;-;-;287,68;287,68;367;2,0;-;-
"210230 BURITI BRAVO";107;107;37328,64;31077,24;-;-;6251,40;-;-;348,87;348,87;214;2,0;-;-
"210232 BURITICUPU";324;324;125916,33;93426,81;-;-;32489,52;-;-;388,63;388,63;649;2,0;-;-
"210240 CAJAPIO";35;35;15954,33;11777,52;-;-;4176,81;-;-;455,84;455,84;84;2,4;-;-
"210250 CAJARI";24;24;7870,92;6245,31;-;-;1625,61;-;-;327,96;327,96;89;3,7;-;-
"210260 CANDIDO MENDES";55;55;21111,91;18134,90;-;-;2977,01;-;-;383,85;383,85;227;4,1;-;-
"210270 CANTANHEDE";83;83;43507,86;33631,62;-;-;9876,24;-;-;524,19;524,19;231;2,8;-;-
"210280 CAROLINA";172;172;55264,40;48094,37;-;-;7170,03;-;-;321,30;321,30;534;3,1;-;-
"210290 CARUTAPERA";199;199;110841,15;77937,86;-;-;32903,29;-;-;556,99;556,99;639;3,2;1;0,50
"210300 CAXIAS";1419;1419;1817591,95;1467257,83;-;-;350334,12;-;-;1280,90;1280,90;7132;5,0;85;5,99
"210310 CEDRAL";100;100;28993,37;24520,04;-;-;4473,33;-;-;289,93;289,93;198;2,0;-;-
"210320 CHAPADINHA";468;468;390609,34;292813,88;-;-;97795,46;-;-;834,64;834,64;1478;3,2;18;3,85
"210325 CIDELANDIA";80;80;24473,83;21417,70;-;-;3056,13;-;-;305,92;305,92;272;3,4;-;-
"210330 CODO";355;355;260920,91;195458,47;-;-;65462,44;-;-;734,99;734,99;1456;4,1;16;4,51
"210340 COELHO NETO";190;190;97641,12;66328,83;-;-;31312,29;-;-;513,90;513,90;673;3,5;3;1,58
"210350 COLINAS";681;681;336531,67;228598,84;-;-;107932,83;-;-;494,17;494,17;1922;2,8;9;1,32
"210355 CONCEICAO DO LAGO-ACU";71;71;16575,28;13852,68;-;-;2722,60;-;-;233,45;233,45;355;5,0;-;-
"210360 COROATA";404;404;778057,56;627720,51;-;-;150337,05;-;-;1925,89;1925,89;2674;6,6;12;2,97
"210370 CURURUPU";433;433;187554,54;147752,03;-;-;39802,51;-;-;433,15;433,15;1184;2,7;15;3,46
"210380 DOM PEDRO";3;3;1060,71;949,42;-;-;111,29;-;-;353,57;353,57;17;5,7;-;-
"210390 DUQUE BACELAR";87;87;34788,01;30325,68;-;-;4462,33;-;-;399,86;399,86;176;2,0;-;-
"210400 ESPERANTINOPOLIS";119;119;60690,15;49781,28;-;-;10908,87;-;-;510,00;510,00;304;2,6;-;-
"210405 ESTREITO";162;162;77195,39;60132,53;-;-;17062,86;-;-;476,51;476,51;356;2,2;-;-
"210407 FEIRA NOVA DO MARANHAO";56;56;19593,24;16755,95;-;-;2837,29;-;-;349,88;349,88;121;2,2;-;-
"210408 FERNANDO FALCAO";28;28;10153,17;8420,68;-;-;1732,49;-;-;362,61;362,61;145;5,2;-;-
"210409 FORMOSA DA SERRA NEGRA";59;59;20594,14;17788,36;-;-;2805,78;-;-;349,05;349,05;146;2,5;-;-
"210410 FORTALEZA DOS NOGUEIRAS";70;70;24683,08;21375,82;-;-;3307,26;-;-;352,62;352,62;343;4,9;-;-
"210420 FORTUNA";78;78;27139,00;21768,27;-;-;5370,73;-;-;347,94;347,94;206;2,6;-;-
"210455 GOVERNADOR EDISON LOBAO";27;27;7314,53;6209,77;-;-;1104,76;-;-;270,91;270,91;42;1,6;-;-
"210460 GOVERNADOR EUGENIO BARROS";103;103;32479,74;27025,63;-;-;5454,11;-;-;315,34;315,34;370;3,6;-;-
"210462 GOVERNADOR LUIZ ROCHA";48;48;17077,15;14388,27;-;-;2688,88;-;-;355,77;355,77;145;3,0;-;-
"210465 GOVERNADOR NEWTON BELLO";54;54;19184,52;16737,18;-;-;2447,34;-;-;355,27;355,27;134;2,5;-;-
"210467 GOVERNADOR NUNES FREIRE";515;515;200572,16;168294,83;-;-;32277,33;-;-;389,46;389,46;1160;2,3;4;0,78
"210480 GRAJAU";618;618;521015,48;415819,33;-;-;105196,15;-;-;843,07;843,07;2237;3,6;23;3,72
"210490 GUIMARAES";72;72;18893,57;16393,15;-;-;2500,42;-;-;262,41;262,41;164;2,3;-;-
"210500 HUMBERTO DE CAMPOS";176;176;62586,74;51637,41;-;-;10949,33;-;-;355,61;355,61;431;2,4;-;-
"210510 ICATU";39;39;14422,48;11330,48;-;-;3092,00;-;-;369,81;369,81;80;2,1;-;-
"210515 IGARAPE DO MEIO";66;66;20714,89;16751,78;-;-;3963,11;-;-;313,86;313,86;290;4,4;-;-
"210520 IGARAPE GRANDE";76;76;22865,85;17539,65;-;-;5326,20;-;-;300,87;300,87;116;1,5;-;-
"210530 IMPERATRIZ";2490;2490;3596368,81;2801847,31;-;-;794521,50;-;-;1444,32;1444,32;14831;6,0;122;4,90
"210535 ITAIPAVA DO GRAJAU";81;81;36080,52;26009,53;-;-;10070,99;-;-;445,44;445,44;131;1,6;3;3,70
"210540 ITAPECURU MIRIM";262;262;149083,27;103678,77;-;-;45404,50;-;-;569,02;569,02;1150;4,4;4;1,53
"210542 ITINGA DO MARANHAO";38;38;15280,87;12033,70;-;-;3247,17;-;-;402,13;402,13;80;2,1;-;-
"210545 JATOBA";65;65;19306,55;16883,20;-;-;2423,35;-;-;297,02;297,02;131;2,0;-;-
"210547 JENIPAPO DOS VIEIRAS";109;109;47591,66;38420,15;-;-;9171,51;-;-;436,62;436,62;137;1,3;-;-
"210550 JOAO LISBOA";144;144;48259,06;40520,73;-;-;7738,33;-;-;335,13;335,13;331;2,3;-;-
"210570 LAGO DA PEDRA";686;686;453773,40;359904,85;-;-;93868,55;-;-;661,48;661,48;2107;3,1;15;2,19
"210580 LAGO DO JUNCO";100;100;35150,42;29443,01;-;-;5707,41;-;-;351,50;351,50;135;1,4;-;-
"210590 LAGO VERDE";9;9;4760,63;4158,53;-;-;602,10;-;-;528,96;528,96;175;19,4;-;-
"210594 LAGO DOS RODRIGUES";65;65;25412,27;22127,60;-;-;3284,67;-;-;390,96;390,96;154;2,4;1;1,54
"210596 LAGOA GRANDE DO MARANHAO";37;37;20160,65;14095,63;-;-;6065,02;-;-;544,88;544,88;73;2,0;-;-
"210600 LIMA CAMPOS";74;74;35938,83;26681,56;-;-;9257,27;-;-;485,66;485,66;158;2,1;-;-
"210610 LORETO";30;30;11678,78;10230,76;-;-;1448,02;-;-;389,29;389,29;89;3,0;-;-
"210630 MAGALHAES DE ALMEIDA";24;24;11141,45;9200,06;-;-;1941,39;-;-;464,23;464,23;81;3,4;-;-
"210637 MARANHAOZINHO";92;92;27603,67;23898,83;-;-;3704,84;-;-;300,04;300,04;263;2,9;-;-
"210640 MATA ROMA";62;62;22341,81;17965,46;-;-;4376,35;-;-;360,35;360,35;132;2,1;-;-
"210650 MATINHA";79;79;30556,85;23551,29;-;-;7005,56;-;-;386,80;386,80;232;2,9;-;-
"210660 MATOES";50;50;20785,36;16823,22;-;-;3962,14;-;-;415,71;415,71;109;2,2;2;4,00
"210675 MIRANDA DO NORTE";53;53;17821,06;14976,18;-;-;2844,88;-;-;336,25;336,25;118;2,2;-;-
"210680 MIRINZAL";62;62;20022,84;16864,26;-;-;3158,58;-;-;322,95;322,95;124;2,0;-;-
"210690 MONCAO";202;202;84310,80;63842,24;-;-;20468,56;-;-;417,38;417,38;661;3,3;3;1,49
"210700 MONTES ALTOS";12;12;3859,38;3365,22;-;-;494,16;-;-;321,62;321,62;24;2,0;-;-
"210710 MORROS";75;75;28748,61;22977,58;-;-;5771,03;-;-;383,31;383,31;231;3,1;1;1,33
"210720 NINA RODRIGUES";42;42;19106,96;13902,43;-;-;5204,53;-;-;454,93;454,93;137;3,3;-;-
"210725 NOVA COLINAS";32;32;9511,52;8348,03;-;-;1163,49;-;-;297,24;297,24;93;2,9;-;-
"210735 NOVA OLINDA DO MARANHAO";142;142;52283,22;43718,14;-;-;8565,08;-;-;368,19;368,19;284;2,0;-;-
"210740 OLHO D'AGUA DAS CUNHAS";109;109;35707,39;30113,07;-;-;5594,32;-;-;327,59;327,59;359;3,3;-;-
"210745 OLINDA NOVA DO MARANHAO";79;79;29893,58;24719,57;-;-;5174,01;-;-;378,40;378,40;229;2,9;1;1,27
"210750 PACO DO LUMIAR";204;204;127238,67;78442,17;-;-;48796,50;-;-;623,72;623,72;553;2,7;-;-
"210760 PALMEIRANDIA";60;60;27461,54;20383,52;-;-;7078,02;-;-;457,69;457,69;346;5,8;1;1,67
"210770 PARAIBANO";71;71;28665,17;25078,76;-;-;3586,41;-;-;403,73;403,73;336;4,7;-;-
"210780 PARNARAMA";136;136;67168,96;58116,70;-;-;9052,26;-;-;493,89;493,89;638;4,7;2;1,47
"210790 PASSAGEM FRANCA";400;400;160064,47;138234,58;-;-;21829,89;-;-;400,16;400,16;1112;2,8;-;-
"210800 PASTOS BONS";130;130;46842,74;41998,97;-;-;4843,77;-;-;360,33;360,33;481;3,7;-;-
"210805 PAULINO NEVES";125;125;80200,37;58679,16;-;-;21521,21;-;-;641,60;641,60;298;2,4;-;-
"210810 PAULO RAMOS";184;184;59649,24;52284,87;-;-;7364,37;-;-;324,18;324,18;548;3,0;-;-
"210820 PEDREIRAS";620;620;385349,70;293096,31;-;-;92253,39;-;-;621,53;621,53;2001;3,2;15;2,42
"210825 PEDRO DO ROSARIO";34;34;10934,53;8752,17;-;-;2182,36;-;-;321,60;321,60;114;3,4;-;-
"210830 PENALVA";91;91;39633,78;28254,08;-;-;11379,70;-;-;435,54;435,54;190;2,1;-;-
"210840 PERI MIRIM";11;11;3615,36;3120,76;-;-;494,60;-;-;328,67;328,67;22;2,0;-;-
"210845 PERITORO";265;265;179792,54;140544,58;-;-;39247,96;-;-;678,46;678,46;1408;5,3;4;1,51
"210850 PINDARE-MIRIM";28;28;10944,67;8799,96;-;-;2144,71;-;-;390,88;390,88;71;2,5;-;-
"210860 PINHEIRO";846;846;801557,46;630394,78;-;-;171162,68;-;-;947,47;947,47;4022;4,8;35;4,14
"210870 PIO XII";152;152;54761,14;42562,53;-;-;12198,61;-;-;360,27;360,27;343;2,3;-;-
"210880 PIRAPEMAS";37;37;15764,57;12833,12;-;-;2931,45;-;-;426,07;426,07;160;4,3;2;5,41
"210890 POCAO DE PEDRAS";88;88;27817,96;23669,54;-;-;4148,42;-;-;316,11;316,11;506;5,8;-;-
"210900 PORTO FRANCO";210;210;182366,76;147114,39;-;-;35252,37;-;-;868,41;868,41;845;4,0;1;0,48
"210910 PRESIDENTE DUTRA";710;710;795087,82;642459,32;-;-;152628,50;-;-;1119,84;1119,84;3994;5,6;10;1,41
"210920 PRESIDENTE JUSCELINO";30;30;11033,10;9004,84;-;-;2028,26;-;-;367,77;367,77;58;1,9;-;-
"210923 PRESIDENTE MEDICI";159;159;55256,76;48774,21;-;-;6482,55;-;-;347,53;347,53;510;3,2;-;-
"210927 PRESIDENTE SARNEY";60;60;21143,13;18261,98;-;-;2881,15;-;-;352,39;352,39;169;2,8;-;-
"210930 PRESIDENTE VARGAS";25;25;9917,44;7927,30;-;-;1990,14;-;-;396,70;396,70;57;2,3;1;4,00
"210940 PRIMEIRA CRUZ";12;12;2869,18;2452,01;-;-;417,17;-;-;239,10;239,10;60;5,0;-;-
"210945 RAPOSA";32;32;18903,91;16715,57;-;-;2188,34;-;-;590,75;590,75;166;5,2;-;-
"210950 RIACHAO";110;110;30664,10;25763,97;-;-;4900,13;-;-;278,76;278,76;374;3,4;-;-
"210960 ROSARIO";224;224;70720,12;59409,87;-;-;11310,25;-;-;315,71;315,71;613;2,7;-;-
"210970 SAMBAIBA";33;33;9767,57;8246,85;-;-;1520,72;-;-;295,99;295,99;136;4,1;-;-
"210980 SANTA HELENA";158;158;54580,15;39133,39;-;-;15446,76;-;-;345,44;345,44;362;2,3;3;1,90
"210990 SANTA INES";958;958;819092,48;630766,74;-;-;188325,74;-;-;855,00;855,00;4438;4,6;41;4,28
"211000 SANTA LUZIA";251;251;123561,22;88550,73;-;-;35010,49;-;-;492,28;492,28;944;3,8;1;0,40
"211003 SANTA LUZIA DO PARUA";304;304;232848,56;179070,21;-;-;53778,35;-;-;765,95;765,95;1196;3,9;7;2,30
"211010 SANTA QUITERIA DO MARANHAO";122;122;46423,29;35535,19;-;-;10888,10;-;-;380,52;380,52;249;2,0;-;-
"211020 SANTA RITA";155;155;61370,07;49074,32;-;-;12295,75;-;-;395,94;395,94;402;2,6;-;-
"211023 SANTANA DO MARANHAO";55;55;20673,91;15451,85;-;-;5222,06;-;-;375,89;375,89;132;2,4;1;1,82
"211027 SANTO AMARO DO MARANHAO";41;41;13299,29;11585,46;-;-;1713,83;-;-;324,37;324,37;96;2,3;-;-
"211030 SANTO ANTONIO DOS LOPES";65;65;26975,00;23106,60;-;-;3868,40;-;-;415,00;415,00;325;5,0;-;-
"211040 SAO BENEDITO DO RIO PRETO";64;64;21103,26;16208,65;-;-;4894,61;-;-;329,74;329,74;195;3,0;-;-
"211050 SAO BENTO";197;197;76813,34;57593,51;-;-;19219,83;-;-;389,92;389,92;625;3,2;-;-
"211060 SAO BERNARDO";166;166;56251,92;46872,44;-;-;9379,48;-;-;338,87;338,87;459;2,8;1;0,60
"211065 SAO DOMINGOS DO AZEITAO";50;50;15840,88;14138,69;-;-;1702,19;-;-;316,82;316,82;132;2,6;-;-
"211070 SAO DOMINGOS DO MARANHAO";132;132;66408,02;49942,06;-;-;16465,96;-;-;503,09;503,09;419;3,2;-;-
"211080 SAO FELIX DE BALSAS";27;27;10276,65;9172,28;-;-;1104,37;-;-;380,62;380,62;75;2,8;-;-
"211085 SAO FRANCISCO DO BREJAO";25;25;7228,24;6314,56;-;-;913,68;-;-;289,13;289,13;45;1,8;-;-
"211090 SAO FRANCISCO DO MARANHAO";61;61;25037,27;22025,83;-;-;3011,44;-;-;410,45;410,45;146;2,4;-;-
"211100 SAO JOAO BATISTA";117;117;39595,95;32667,60;-;-;6928,35;-;-;338,43;338,43;298;2,5;-;-
"211102 SAO JOAO DO CARU";37;37;13140,20;9525,17;-;-;3615,03;-;-;355,14;355,14;59;1,6;-;-
"211107 SAO JOAO DO SOTER";98;98;31681,48;27180,04;-;-;4501,44;-;-;323,28;323,28;299;3,1;-;-
"211110 SAO JOAO DOS PATOS";143;143;48260,99;42132,31;-;-;6128,68;-;-;337,49;337,49;379;2,7;3;2,10
"211120 SAO JOSE DE RIBAMAR";340;340;171404,59;107650,92;-;-;63753,67;-;-;504,13;504,13;741;2,2;-;-
"211125 SAO JOSE DOS BASILIOS";46;46;13703,83;11993,38;-;-;1710,45;-;-;297,91;297,91;137;3,0;-;-
"211130 SAO LUIS";10106;9729;18486376,45;14755961,74;17568,69;-;3712846,02;-;-;1829,25;1900,13;89639;9,2;484;4,97
"211140 SAO LUIS GONZAGA DO MARANHAO";181;181;51378,04;43677,75;-;-;7700,29;-;-;283,86;283,86;543;3,0;-;-
"211150 SAO MATEUS DO MARANHAO";147;147;54467,84;41508,23;-;-;12959,61;-;-;370,53;370,53;478;3,3;-;-
"211153 SAO PEDRO DA AGUA BRANCA";68;68;23871,36;20627,41;-;-;3243,95;-;-;351,05;351,05;137;2,0;-;-
"211157 SAO PEDRO DOS CRENTES";92;92;28453,23;22790,88;-;-;5662,35;-;-;309,27;309,27;460;5,0;-;-
"211160 SAO RAIMUNDO DAS MANGABEIRAS";107;107;49441,33;43899,51;-;-;5541,82;-;-;462,07;462,07;321;3,0;-;-
"211163 SAO RAIMUNDO DO DOCA BEZERRA";12;12;1230,05;1012,21;-;-;217,84;-;-;102,50;102,50;11;0,9;-;-
"211170 SAO VICENTE FERRER";107;107;40839,79;33560,63;-;-;7279,16;-;-;381,68;381,68;283;2,6;1;0,93
"211172 SATUBINHA";2;2;931,04;811,73;-;-;119,31;-;-;465,52;465,52;7;3,5;-;-
"211174 SENADOR ALEXANDRE COSTA";59;59;21736,02;17816,33;-;-;3919,69;-;-;368,41;368,41;154;2,6;-;-
"211178 SERRANO DO MARANHAO";79;79;27445,64;23858,28;-;-;3587,36;-;-;347,41;347,41;304;3,8;-;-
"211180 SITIO NOVO";115;115;45020,58;37892,41;-;-;7128,17;-;-;391,48;391,48;294;2,6;1;0,87
"211190 SUCUPIRA DO NORTE";55;55;17167,94;14550,16;-;-;2617,78;-;-;312,14;312,14;85;1,5;-;-
"211195 SUCUPIRA DO RIACHAO";24;24;7657,10;6666,82;-;-;990,28;-;-;319,05;319,05;74;3,1;-;-
"211200 TASSO FRAGOSO";13;13;4555,01;3992,26;-;-;562,75;-;-;350,39;350,39;59;4,5;-;-
"211210 TIMBIRAS";234;234;118487,65;76351,14;-;-;42136,51;-;-;506,36;506,36;507;2,2;4;1,71
"211220 TIMON";770;770;598141,01;411045,60;-;-;187095,41;-;-;776,81;776,81;2992;3,9;9;1,17
"211223 TRIZIDELA DO VALE";109;109;47739,21;37331,58;-;-;10407,63;-;-;437,97;437,97;291;2,7;2;1,83
"211227 TUFILANDIA";5;5;1013,91;867,16;-;-;146,75;-;-;202,78;202,78;10;2,0;-;-
"211230 TUNTUM";246;246;115102,05;86774,43;-;-;28327,62;-;-;467,89;467,89;502;2,0;-;-
"211240 TURIACU";125;125;57908,03;44925,78;-;-;12982,25;-;-;463,26;463,26;374;3,0;-;-
"211250 TUTOIA";150;150;71580,14;48213,52;-;-;23366,62;-;-;477,20;477,20;484;3,2;1;0,67
"211260 URBANO SANTOS";143;143;60121,33;44838,73;-;-;15282,60;-;-;420,43;420,43;374;2,6;-;-
"211270 VARGEM GRANDE";120;120;41259,92;30439,71;-;-;10820,21;-;-;343,83;343,83;244;2,0;-;-
"211280 VIANA";248;248;115294,96;88672,92;-;-;26622,04;-;-;464,90;464,90;965;3,9;3;1,21
"211285 VILA NOVA DOS MARTIRIOS";62;62;23510,16;20034,41;-;-;3475,75;-;-;379,20;379,20;123;2,0;1;1,61
"211290 VITORIA DO MEARIM";92;92;41610,57;30613,42;-;-;10997,15;-;-;452,29;452,29;258;2,8;1;1,09
"211300 VITORINO FREIRE";197;197;77639,49;62590,22;-;-;15049,27;-;-;394,11;394,11;421;2,1;1;0,51
"211400 ZE DOCA";295;295;117909,58;91181,90;-;-;26727,68;-;-;399,69;399,69;1244;4,2;9;3,05
"220010 AGRICOLANDIA";7;7;2540,44;2192,92;-;-;347,52;-;-;362,92;362,92;34;4,9;-;-
"220020 AGUA BRANCA";65;65;30067,76;25288,57;-;-;4779,19;-;-;462,58;462,58;233;3,6;2;3,08
"220030 ALTO LONGA";24;24;8884,08;7575,64;-;-;1308,44;-;-;370,17;370,17;71;3,0;-;-
"220040 ALTOS";101;101;53166,52;43467,65;-;-;9698,87;-;-;526,40;526,40;344;3,4;3;2,97
"220050 AMARANTE";89;89;23689,79;20224,29;-;-;3465,50;-;-;266,18;266,18;171;1,9;3;3,37
"220100 ARRAIAL";6;6;2926,30;2618,02;-;-;308,28;-;-;487,72;487,72;20;3,3;-;-
"220120 BARRAS";218;218;140668,09;88588,49;14532,63;-;31084,57;6462,40;-;645,27;645,27;789;3,6;6;2,75
"220150 BATALHA";64;64;29153,53;25340,14;-;-;3813,39;-;-;455,52;455,52;212;3,3;-;-
"220160 BENEDITINOS";8;8;4045,12;3618,51;-;-;426,61;-;-;505,64;505,64;35;4,4;-;-
"220190 BOM JESUS";458;458;331159,02;256061,11;-;-;75097,91;-;-;723,05;723,05;1608;3,5;23;5,02
"220220 CAMPO MAIOR";535;535;311008,40;239430,55;-;-;71577,85;-;-;581,32;581,32;2441;4,6;36;6,73
"220230 CANTO DO BURITI";120;120;46480,75;40167,69;-;-;6313,06;-;-;387,34;387,34;395;3,3;-;-
"220260 CASTELO DO PIAUI";28;28;11893,03;10344,70;-;-;1548,33;-;-;424,75;424,75;122;4,4;-;-
"220270 COCAL";93;93;18934,35;16078,96;-;-;2855,39;-;-;203,60;203,60;172;1,8;2;2,15
"220290 CORRENTE";148;148;98005,61;54306,33;9250,46;-;29462,98;4985,84;-;662,20;662,20;302;2,0;-;-
"220310 CRISTINO CASTRO";55;55;37829,77;33917,91;-;-;3911,86;-;-;687,81;687,81;199;3,6;-;-
"220320 CURIMATA";64;64;27814,06;22687,75;-;-;5126,31;-;-;434,59;434,59;232;3,6;1;1,56
"220330 DEMERVAL LOBAO";108;108;74403,31;55620,23;-;-;18783,08;-;-;688,92;688,92;372;3,4;-;-
"220350 ELESBAO VELOSO";72;72;26124,35;22912,80;-;-;3211,55;-;-;362,84;362,84;255;3,5;2;2,78
"220370 ESPERANTINA";338;338;173952,05;126680,49;746,46;-;46279,11;245,99;-;514,65;514,65;858;2,5;4;1,18
"220390 FLORIANO";1021;1021;1053256,94;745222,36;61450,69;-;214295,20;32288,69;-;1031,59;1031,59;4813;4,7;47;4,60
"220400 FRANCINOPOLIS";10;10;3661,50;3122,43;-;-;539,07;-;-;366,15;366,15;25;2,5;-;-
"220430 FRONTEIRAS";185;185;131640,76;118192,59;-;-;13448,17;-;-;711,57;711,57;691;3,7;-;-
"220450 GUADALUPE";92;92;27967,30;24217,79;-;-;3749,51;-;-;303,99;303,99;226;2,5;-;-
"220470 INHUMA";22;22;8614,46;7458,68;-;-;1155,78;-;-;391,57;391,57;92;4,2;-;-
"220480 IPIRANGA DO PIAUI";6;6;2422,85;2106,22;-;-;316,63;-;-;403,81;403,81;32;5,3;-;-
"220510 ITAUEIRA";45;45;18920,55;14786,98;-;-;4133,57;-;-;420,46;420,46;160;3,6;-;-
"220520 JAICOS";117;117;51730,05;42831,04;-;-;8899,01;-;-;442,14;442,14;371;3,2;-;-
"220550 JOSE DE FREITAS";100;100;66655,22;56777,60;-;-;9877,62;-;-;666,55;666,55;442;4,4;-;-
"220570 LUIS CORREIA";9;9;3144,49;2706,64;-;-;437,85;-;-;349,39;349,39;74;8,2;-;-
"220580 LUZILANDIA";261;261;149546,37;110807,12;-;-;38739,25;-;-;572,97;572,97;693;2,7;6;2,30
"220590 MANOEL EMIDIO";10;10;5493,99;4065,19;-;-;1428,80;-;-;549,40;549,40;12;1,2;-;-
"220620 MIGUEL ALVES";130;130;49026,00;43923,09;-;-;5102,91;-;-;377,12;377,12;207;1,6;-;-
"220650 MONSENHOR HIPOLITO";21;21;5854,30;5180,76;-;-;673,54;-;-;278,78;278,78;44;2,1;-;-
"220700 OEIRAS";465;465;522188,49;430070,37;-;-;92118,12;-;-;1122,99;1122,99;1975;4,2;14;3,01
"220730 PAES LANDIM";3;3;1505,74;1309,54;-;-;196,20;-;-;501,91;501,91;7;2,3;-;-
"220760 PARNAGUA";125;125;68569,67;60709,35;-;-;7860,32;-;-;548,56;548,56;321;2,6;-;-
"220770 PARNAIBA";2118;2118;2431163,25;1869698,47;24758,43;-;524145,53;12560,82;-;1147,86;1147,86;14267;6,7;119;5,62
"220780 PAULISTANA";76;76;33976,35;23696,88;-;-;10279,47;-;-;447,06;447,06;212;2,8;-;-
"220790 PEDRO II";287;287;107723,31;85223,27;-;-;22500,04;-;-;375,34;375,34;877;3,1;4;1,39
"220800 PICOS";1027;1027;693651,17;539851,88;-;-;153799,29;-;-;675,41;675,41;4221;4,1;42;4,09
"220810 PIMENTEIRAS";12;12;4643,90;4031,83;-;-;612,07;-;-;386,99;386,99;47;3,9;-;-
"220820 PIO IX";9;9;5848,78;5369,93;-;-;478,85;-;-;649,86;649,86;48;5,3;1;11,11
"220830 PIRACURUCA";74;74;40403,94;27050,89;-;-;13353,05;-;-;546,00;546,00;295;4,0;-;-
"220840 PIRIPIRI";523;523;331907,84;209853,65;27303,55;-;80474,68;14275,96;-;634,62;634,62;2118;4,0;25;4,78
"220850 PORTO";31;31;9196,15;7358,36;-;-;1837,79;-;-;296,65;296,65;64;2,1;-;-
"220880 REGENERACAO";130;130;73793,32;66030,75;-;-;7762,57;-;-;567,64;567,64;421;3,2;1;0,77
"220890 RIBEIRO GONCALVES";14;14;4575,34;3908,92;-;-;666,42;-;-;326,81;326,81;28;2,0;-;-
"221000 SAO JOAO DO PIAUI";85;85;37384,27;30208,61;-;-;7175,66;-;-;439,81;439,81;358;4,2;4;4,71
"221040 SAO MIGUEL DO TAPUIO";42;42;19436,75;15704,44;-;-;3732,31;-;-;462,78;462,78;136;3,2;-;-
"221050 SAO PEDRO DO PIAUI";27;27;14001,99;11588,56;-;-;2413,43;-;-;518,59;518,59;84;3,1;-;-
"221060 SAO RAIMUNDO NONATO";1007;1007;660641,81;537512,17;2335,14;-;119438,49;1356,01;-;656,05;656,05;3332;3,3;36;3,57
"221070 SIMOES";138;138;80720,43;72152,52;-;-;8567,91;-;-;584,93;584,93;413;3,0;-;-
"221080 SIMPLICIO MENDES";28;28;13285,17;11332,71;-;-;1952,46;-;-;474,47;474,47;135;4,8;2;7,14
"221100 TERESINA";7875;7756;14121611,50;11107741,31;59524,34;-;2921001,54;33344,31;-;1793,22;1820,73;49336;6,4;326;4,20
"221110 UNIAO";84;84;32128,32;25658,34;-;-;6469,98;-;-;382,48;382,48;420;5,0;2;2,38
"221120 URUCUI";156;156;73556,36;55691,18;-;-;17865,18;-;-;471,52;471,52;930;6,0;1;0,64
"221130 VALENCA DO PIAUI";286;286;148743,42;101384,69;3661,64;-;42085,72;1611,37;-;520,08;520,08;648;2,3;2;0,70
"230020 ACARAU";287;287;127150,68;91327,29;-;-;35823,39;-;-;443,03;443,03;924;3,2;7;2,44
"230030 ACOPIARA";122;122;54004,11;43394,86;-;-;10609,25;-;-;442,66;442,66;612;5,0;4;3,28
"230040 AIUABA";22;22;6191,47;4966,19;-;-;1225,28;-;-;281,43;281,43;88;4,0;-;-
"230060 ALTANEIRA";13;13;4330,42;3891,94;-;-;438,48;-;-;333,11;333,11;79;6,1;-;-
"230070 ALTO SANTO";22;22;7905,54;6869,43;-;-;1036,11;-;-;359,34;359,34;139;6,3;1;4,55
"230075 AMONTADA";26;26;10663,27;8091,24;-;-;2572,03;-;-;410,13;410,13;82;3,2;-;-
"230080 ANTONINA DO NORTE";5;5;2412,06;2021,18;-;-;390,88;-;-;482,41;482,41;10;2,0;-;-
"230090 APUIARES";10;10;3644,52;3011,32;-;-;633,20;-;-;364,45;364,45;53;5,3;2;20,00
"230100 AQUIRAZ";224;224;141551,37;91336,78;-;-;50214,59;-;-;631,93;631,93;615;2,7;7;3,13
"230110 ARACATI";370;370;212527,47;158774,33;590,44;-;52845,21;317,49;-;574,40;574,40;1484;4,0;13;3,51
"230120 ARACOIABA";203;203;165864,61;133052,59;-;-;32812,02;-;-;817,07;817,07;767;3,8;8;3,94
"230125 ARARENDA";9;9;5140,37;4332,01;-;-;808,36;-;-;571,15;571,15;27;3,0;-;-
"230130 ARARIPE";47;47;19963,09;17840,85;-;-;2122,24;-;-;424,75;424,75;265;5,6;-;-
"230140 ARATUBA";21;21;9119,73;8042,10;-;-;1077,63;-;-;434,27;434,27;90;4,3;-;-
"230150 ARNEIROZ";1;1;44,22;33,34;-;-;10,88;-;-;44,22;44,22;7;7,0;-;-
"230160 ASSARE";43;43;16780,62;12942,56;-;-;3838,06;-;-;390,25;390,25;148;3,4;1;2,33
"230170 AURORA";162;162;97251,98;68811,94;-;-;28440,04;-;-;600,32;600,32;331;2,0;-;-
"230180 BAIXIO";4;4;2084,94;1799,26;-;-;285,68;-;-;521,24;521,24;21;5,3;-;-
"230185 BANABUIU";31;31;12145,55;10509,60;-;-;1635,95;-;-;391,79;391,79;144;4,6;-;-
"230190 BARBALHA";1228;1228;3557684,06;2788453,38;-;-;769230,68;-;-;2897,14;2897,14;7255;5,9;87;7,08
"230195 BARREIRA";22;22;8997,47;7754,29;-;-;1243,18;-;-;408,98;408,98;77;3,5;1;4,55
"230200 BARRO";18;18;7129,55;6249,48;-;-;880,07;-;-;396,09;396,09;112;6,2;2;11,11
"230210 BATURITE";161;161;91447,35;59990,76;-;-;31456,59;-;-;568,00;568,00;365;2,3;-;-
"230220 BEBERIBE";115;115;51099,27;40337,57;-;-;10761,70;-;-;444,34;444,34;507;4,4;1;0,87
"230230 BELA CRUZ";58;58;33777,84;28358,02;-;-;5419,82;-;-;582,38;582,38;249;4,3;1;1,72
"230240 BOA VIAGEM";169;169;78402,83;57978,26;-;-;20424,57;-;-;463,92;463,92;479;2,8;2;1,18
"230250 BREJO SANTO";769;769;773887,56;642457,24;-;-;131430,32;-;-;1006,36;1006,36;2699;3,5;34;4,42
"230260 CAMOCIM";346;346;169811,72;125766,36;-;-;44045,36;-;-;490,79;490,79;776;2,2;2;0,58
"230270 CAMPOS SALES";63;63;32068,56;26752,26;-;-;5316,30;-;-;509,02;509,02;292;4,6;4;6,35
"230280 CANINDE";486;486;429247,61;323362,26;-;-;105885,35;-;-;883,23;883,23;1809;3,7;18;3,70
"230290 CAPISTRANO";10;10;3634,78;3129,12;-;-;505,66;-;-;363,48;363,48;64;6,4;-;-
"230300 CARIDADE";5;5;2255,18;1802,39;-;-;452,79;-;-;451,04;451,04;19;3,8;-;-
"230310 CARIRE";16;16;7235,45;5996,98;-;-;1238,47;-;-;452,22;452,22;55;3,4;-;-
"230320 CARIRIACU";19;19;10616,93;9403,29;-;-;1213,64;-;-;558,79;558,79;112;5,9;1;5,26
"230330 CARIUS";49;49;18444,47;15839,04;-;-;2605,43;-;-;376,42;376,42;281;5,7;5;10,20
"230340 CARNAUBAL";57;57;27014,96;22536,89;-;-;4478,07;-;-;473,95;473,95;198;3,5;-;-
"230350 CASCAVEL";138;138;78015,54;53485,04;-;-;24530,50;-;-;565,33;565,33;430;3,1;3;2,17
"230360 CATARINA";27;27;9736,78;8144,52;-;-;1592,26;-;-;360,62;360,62;139;5,1;1;3,70
"230365 CATUNDA";17;17;5591,71;4738,11;-;-;853,60;-;-;328,92;328,92;66;3,9;2;11,76
"230370 CAUCAIA";713;713;443858,79;293309,96;21351,23;-;117083,24;12114,36;-;622,52;622,52;2913;4,1;30;4,21
"230380 CEDRO";182;182;92896,29;76215,08;-;-;16681,21;-;-;510,42;510,42;388;2,1;10;5,49
"230390 CHAVAL";11;11;3961,69;3393,11;-;-;568,58;-;-;360,15;360,15;56;5,1;1;9,09
"230393 CHORO";10;10;3759,68;3304,49;-;-;455,19;-;-;375,97;375,97;49;4,9;-;-
"230395 CHOROZINHO";13;13;6639,07;5445,59;-;-;1193,48;-;-;510,70;510,70;49;3,8;-;-
"230400 COREAU";25;25;10449,07;9202,70;-;-;1246,37;-;-;417,96;417,96;153;6,1;2;8,00
"230410 CRATEUS";791;791;434316,28;338932,53;-;-;95383,75;-;-;549,07;549,07;3131;4,0;35;4,42
"230420 CRATO";1126;1126;1334829,37;1036888,55;230,82;-;297593,65;116,35;-;1185,46;1185,46;4961;4,4;47;4,17
"230423 CROATA";43;43;16682,91;14393,99;-;-;2288,92;-;-;387,97;387,97;195;4,5;3;6,98
"230425 CRUZ";89;89;48052,30;35593,39;-;-;12458,91;-;-;539,91;539,91;345;3,9;5;5,62
"230426 DEPUTADO IRAPUAN PINHEIRO";11;11;5328,66;4598,06;-;-;730,60;-;-;484,42;484,42;56;5,1;1;9,09
"230427 ERERE";4;4;1064,00;913,41;-;-;150,59;-;-;266,00;266,00;20;5,0;-;-
"230428 EUSEBIO";375;375;314607,52;230240,71;-;-;84366,81;-;-;838,95;838,95;1116;3,0;7;1,87
"230430 FARIAS BRITO";68;68;26996,83;21708,92;-;-;5287,91;-;-;397,01;397,01;259;3,8;-;-
"230440 FORTALEZA";18809;18544;36030512,34;28553356,80;41090,31;-;7415025,49;21039,74;-;1915,60;1942,97;143799;7,8;731;3,94
"230445 FORTIM";31;31;10127,81;8567,02;-;-;1560,79;-;-;326,70;326,70;131;4,2;-;-
"230450 FRECHEIRINHA";32;32;20912,37;18516,17;-;-;2396,20;-;-;653,51;653,51;247;7,7;3;9,38
"230460 GENERAL SAMPAIO";6;6;2585,29;2158,35;-;-;426,94;-;-;430,88;430,88;32;5,3;-;-
"230470 GRANJA";118;118;82062,87;57033,66;-;-;25029,21;-;-;695,45;695,45;283;2,4;-;-
"230480 GRANJEIRO";11;11;5265,82;4617,68;-;-;648,14;-;-;478,71;478,71;43;3,9;-;-
"230490 GROAIRAS";8;8;3785,23;3295,13;-;-;490,10;-;-;473,15;473,15;33;4,1;-;-
"230495 GUAIUBA";4;4;176,88;133,36;-;-;43,52;-;-;44,22;44,22;15;3,8;1;25,00
"230500 GUARACIABA DO NORTE";72;72;41548,64;34681,64;-;-;6867,00;-;-;577,06;577,06;271;3,8;4;5,56
"230520 HIDROLANDIA";51;51;23372,60;19724,23;-;-;3648,37;-;-;458,29;458,29;223;4,4;3;5,88
"230523 HORIZONTE";183;183;103400,48;70174,68;-;-;33225,80;-;-;565,03;565,03;519;2,8;-;-
"230526 IBARETAMA";3;3;682,52;572,52;-;-;110,00;-;-;227,51;227,51;12;4,0;-;-
"230530 IBIAPINA";99;99;28063,61;22830,00;-;-;5233,61;-;-;283,47;283,47;140;1,4;3;3,03
"230540 ICO";312;312;157610,35;120333,80;-;-;37276,55;-;-;505,16;505,16;1198;3,8;13;4,17
"230550 IGUATU";648;648;559702,64;443333,43;-;-;116369,21;-;-;863,74;863,74;2451;3,8;39;6,02
"230560 INDEPENDENCIA";32;32;13192,63;11104,07;-;-;2088,56;-;-;412,27;412,27;112;3,5;-;-
"230565 IPAPORANGA";20;20;6708,45;5775,27;-;-;933,18;-;-;335,42;335,42;74;3,7;-;-
"230570 IPAUMIRIM";13;13;4552,82;3926,26;-;-;626,56;-;-;350,22;350,22;53;4,1;-;-
"230580 IPU";207;207;100780,12;75454,76;-;-;25325,36;-;-;486,86;486,86;933;4,5;8;3,86
"230590 IPUEIRAS";43;43;18183,62;14245,89;-;-;3937,73;-;-;422,87;422,87;108;2,5;1;2,33
"230600 IRACEMA";46;46;16033,03;13569,04;-;-;2463,99;-;-;348,54;348,54;125;2,7;3;6,52
"230610 IRAUCUBA";26;26;12176,22;8658,20;-;-;3518,02;-;-;468,32;468,32;70;2,7;1;3,85
"230620 ITAICABA";3;3;132,66;100,02;-;-;32,64;-;-;44,22;44,22;15;5,0;-;-
"230625 ITAITINGA";42;42;20950,47;18825,52;-;-;2124,95;-;-;498,82;498,82;239;5,7;3;7,14
"230630 ITAPAGE";70;70;28310,70;23907,06;-;-;4403,64;-;-;404,44;404,44;321;4,6;4;5,71
"230640 ITAPIPOCA";971;971;890813,94;673967,89;10832,98;-;201378,80;4634,27;-;917,42;917,42;3536;3,6;35;3,60
"230650 ITAPIUNA";15;15;5102,36;4409,09;-;-;693,27;-;-;340,16;340,16;77;5,1;-;-
"230655 ITAREMA";75;75;44368,84;34180,22;-;-;10188,62;-;-;591,58;591,58;226;3,0;1;1,33
"230670 JAGUARETAMA";119;119;30288,58;24225,40;-;-;6063,18;-;-;254,53;254,53;169;1,4;3;2,52
"230680 JAGUARIBARA";30;30;18403,44;13515,91;1169,18;-;2971,71;746,64;-;613,45;613,45;130;4,3;3;10,00
"230690 JAGUARIBE";120;120;60728,83;45061,91;-;-;15666,92;-;-;506,07;506,07;315;2,6;2;1,67
"230700 JAGUARUANA";55;55;19631,39;16986,12;-;-;2645,27;-;-;356,93;356,93;348;6,3;4;7,27
"230710 JARDIM";28;28;14113,57;12477,18;-;-;1636,39;-;-;504,06;504,06;209;7,5;-;-
"230720 JATI";9;9;2322,17;2060,30;-;-;261,87;-;-;258,02;258,02;43;4,8;-;-
"230725 JIJOCA DE JERICOACOARA";57;57;28948,72;20868,80;-;-;8079,92;-;-;507,87;507,87;154;2,7;1;1,75
"230730 JUAZEIRO DO NORTE";1887;1887;2784614,90;2337377,64;-;-;447237,26;-;-;1475,68;1475,68;12297;6,5;132;7,00
"230740 JUCAS";70;70;26433,51;23256,42;-;-;3177,09;-;-;377,62;377,62;268;3,8;3;4,29
"230750 LAVRAS DA MANGABEIRA";180;180;92147,36;75354,45;-;-;16792,91;-;-;511,93;511,93;631;3,5;-;-
"230760 LIMOEIRO DO NORTE";693;693;630457,11;521546,85;-;-;108910,26;-;-;909,75;909,75;2916;4,2;25;3,61
"230763 MADALENA";26;26;11333,43;9472,52;-;-;1860,91;-;-;435,90;435,90;96;3,7;-;-
"230765 MARACANAU";1177;1177;932647,34;686002,48;-;-;246644,86;-;-;792,39;792,39;4307;3,7;41;3,48
"230770 MARANGUAPE";194;194;78491,31;54833,96;-;-;23657,35;-;-;404,59;404,59;675;3,5;3;1,55
"230780 MARCO";55;55;29205,38;24089,34;-;-;5116,04;-;-;531,01;531,01;226;4,1;-;-
"230790 MARTINOPOLE";22;22;13392,11;9049,51;-;-;4342,60;-;-;608,73;608,73;22;1,0;-;-
"230800 MASSAPE";47;47;19543,64;15125,88;-;-;4417,76;-;-;415,82;415,82;228;4,9;-;-
"230810 MAURITI";230;230;102860,74;74956,48;3249,48;-;22791,85;1862,93;-;447,22;447,22;451;2,0;1;0,43
"230820 MERUOCA";23;23;8847,60;6928,90;-;-;1918,70;-;-;384,68;384,68;107;4,7;2;8,70
"230830 MILAGRES";202;202;43418,76;35372,15;-;-;8046,61;-;-;214,94;214,94;272;1,3;5;2,48
"230835 MILHA";30;30;12684,96;10846,69;-;-;1838,27;-;-;422,83;422,83;112;3,7;1;3,33
"230840 MISSAO VELHA";200;200;107397,83;77072,46;-;-;30325,37;-;-;536,99;536,99;371;1,9;1;0,50
"230850 MOMBACA";197;197;93677,32;70708,92;-;-;22968,40;-;-;475,52;475,52;624;3,2;10;5,08
"230870 MORADA NOVA";158;158;92283,03;58031,27;5894,59;-;24948,80;3408,37;-;584,07;584,07;554;3,5;5;3,16
"230880 MORAUJO";4;4;1604,77;1413,64;-;-;191,13;-;-;401,19;401,19;31;7,8;-;-
"230890 MORRINHOS";17;17;7557,56;5528,43;-;-;2029,13;-;-;444,56;444,56;63;3,7;-;-
"230900 MUCAMBO";88;88;45649,39;38272,40;-;-;7376,99;-;-;518,74;518,74;387;4,4;4;4,55
"230910 MULUNGU";12;12;4142,15;3690,76;-;-;451,39;-;-;345,18;345,18;61;5,1;-;-
"230920 NOVA OLINDA";12;12;5297,87;4572,69;-;-;725,18;-;-;441,49;441,49;61;5,1;-;-
"230930 NOVA RUSSAS";94;94;30952,18;26278,83;-;-;4673,35;-;-;329,28;329,28;309;3,3;1;1,06
"230940 NOVO ORIENTE";54;54;21236,38;17907,15;-;-;3329,23;-;-;393,27;393,27;218;4,0;7;12,96
"230945 OCARA";19;19;4821,72;4117,15;-;-;704,57;-;-;253,77;253,77;104;5,5;-;-
"230950 OROS";70;70;38614,27;31060,37;-;-;7553,90;-;-;551,63;551,63;211;3,0;6;8,57
"230970 PACATUBA";22;22;11338,93;9807,38;-;-;1531,55;-;-;515,41;515,41;72;3,3;-;-
"230980 PACOTI";6;6;2826,80;2444,50;-;-;382,30;-;-;471,13;471,13;32;5,3;-;-
"231010 PALMACIA";10;10;3352,40;2942,29;-;-;410,11;-;-;335,24;335,24;53;5,3;-;-
"231020 PARACURU";78;78;39162,96;30039,78;-;-;9123,18;-;-;502,09;502,09;373;4,8;5;6,41
"231025 PARAIPABA";32;32;10318,04;8696,94;-;-;1621,10;-;-;322,44;322,44;136;4,3;7;21,88
"231030 PARAMBU";149;149;77022,81;61787,65;-;-;15235,16;-;-;516,93;516,93;578;3,9;-;-
"231040 PARAMOTI";14;14;8401,99;7110,14;-;-;1291,85;-;-;600,14;600,14;48;3,4;-;-
"231050 PEDRA BRANCA";90;90;35475,54;28246,02;-;-;7229,52;-;-;394,17;394,17;372;4,1;4;4,44
"231060 PENAFORTE";26;26;25611,26;23733,54;-;-;1877,72;-;-;985,05;985,05;91;3,5;2;7,69
"231070 PENTECOSTE";60;60;26813,64;18600,08;-;-;8213,56;-;-;446,89;446,89;232;3,9;-;-
"231080 PEREIRO";38;38;19369,28;14390,89;-;-;4978,39;-;-;509,72;509,72;79;2,1;1;2,63
"231085 PINDORETAMA";31;31;14862,62;12967,65;-;-;1894,97;-;-;479,44;479,44;142;4,6;3;9,68
"231090 PIQUET CARNEIRO";50;50;25722,67;22499,84;-;-;3222,83;-;-;514,45;514,45;227;4,5;1;2,00
"231100 PORANGA";17;17;8909,54;8033,74;-;-;875,80;-;-;524,09;524,09;89;5,2;1;5,88
"231110 PORTEIRAS";32;32;12286,15;10609,96;-;-;1676,19;-;-;383,94;383,94;134;4,2;-;-
"231120 POTENGI";25;25;7457,19;6394,07;-;-;1063,12;-;-;298,29;298,29;58;2,3;-;-
"231126 QUITERIANOPOLIS";16;16;6742,36;5934,71;-;-;807,65;-;-;421,40;421,40;62;3,9;-;-
"231130 QUIXADA";574;574;598256,22;472146,51;-;-;126109,71;-;-;1042,26;1042,26;2566;4,5;15;2,61
"231135 QUIXELO";65;65;24343,83;20798,67;-;-;3545,16;-;-;374,52;374,52;236;3,6;-;-
"231140 QUIXERAMOBIM";1243;1243;1277454,00;1044247,06;-;-;233206,94;-;-;1027,72;1027,72;7295;5,9;43;3,46
"231150 QUIXERE";68;68;31831,24;28242,72;-;-;3588,52;-;-;468,11;468,11;290;4,3;5;7,35
"231160 REDENCAO";118;118;52060,09;40430,59;-;-;11629,50;-;-;441,19;441,19;387;3,3;5;4,24
"231170 RERIUTABA";28;28;13455,27;10245,22;-;-;3210,05;-;-;480,55;480,55;108;3,9;2;7,14
"231180 RUSSAS";533;533;239148,50;184113,93;-;-;55034,57;-;-;448,68;448,68;1584;3,0;6;1,13
"231190 SABOEIRO";23;23;5481,98;4430,25;-;-;1051,73;-;-;238,35;238,35;81;3,5;1;4,35
"231195 SALITRE";24;24;9693,28;8528,20;-;-;1165,08;-;-;403,89;403,89;85;3,5;1;4,17
"231200 SANTANA DO ACARAU";45;45;18178,66;15205,33;-;-;2973,33;-;-;403,97;403,97;234;5,2;1;2,22
"231210 SANTANA DO CARIRI";31;31;11261,00;10007,36;-;-;1253,64;-;-;363,26;363,26;144;4,6;3;9,68
"231220 SANTA QUITERIA";90;90;47417,04;36666,79;-;-;10750,25;-;-;526,86;526,86;343;3,8;6;6,67
"231230 SAO BENEDITO";108;108;61805,83;45549,38;-;-;16256,45;-;-;572,28;572,28;423;3,9;4;3,70
"231240 SAO GONCALO DO AMARANTE";245;245;259360,31;200819,82;-;-;58540,49;-;-;1058,61;1058,61;944;3,9;10;4,08
"231270 SENADOR POMPEU";42;42;17684,16;15113,74;-;-;2570,42;-;-;421,05;421,05;175;4,2;2;4,76
"231290 SOBRAL";3354;3354;6707523,79;5112192,22;180547,02;-;1342799,14;71985,41;-;1999,86;1999,86;25267;7,5;188;5,61
"231300 SOLONOPOLE";39;39;13072,40;10790,13;-;-;2282,27;-;-;335,19;335,19;179;4,6;1;2,56
"231310 TABULEIRO DO NORTE";153;153;66066,43;47869,44;4092,13;-;11491,62;2613,24;-;431,81;431,81;519;3,4;2;1,31
"231320 TAMBORIL";55;55;24205,59;19768,25;-;-;4437,34;-;-;440,10;440,10;176;3,2;6;10,91
"231325 TARRAFAS";13;13;5722,15;4990,16;-;-;731,99;-;-;440,17;440,17;69;5,3;-;-
"231330 TAUA";987;987;529826,71;438798,06;-;-;91028,65;-;-;536,81;536,81;2593;2,6;15;1,52
"231335 TEJUCUOCA";12;12;4723,32;3465,57;-;-;1257,75;-;-;393,61;393,61;43;3,6;-;-
"231340 TIANGUA";763;763;600210,16;438017,19;-;-;162192,97;-;-;786,65;786,65;2993;3,9;27;3,54
"231350 TRAIRI";84;84;31081,22;26235,04;-;-;4846,18;-;-;370,01;370,01;407;4,8;2;2,38
"231355 TURURU";6;6;2143,21;1842,34;-;-;300,87;-;-;357,20;357,20;24;4,0;-;-
"231360 UBAJARA";111;111;38479,97;31365,46;-;-;7114,51;-;-;346,67;346,67;322;2,9;4;3,60
"231370 UMARI";4;4;1485,61;1339,94;-;-;145,67;-;-;371,40;371,40;15;3,8;-;-
"231375 UMIRIM";3;3;1827,26;1592,21;-;-;235,05;-;-;609,09;609,09;17;5,7;-;-
"231380 URUBURETAMA";22;22;9138,54;7344,86;-;-;1793,68;-;-;415,39;415,39;90;4,1;-;-
"231390 URUOCA";10;10;3696,93;3019,31;-;-;677,62;-;-;369,69;369,69;37;3,7;-;-
"231395 VARJOTA";32;32;16877,33;13978,08;-;-;2899,25;-;-;527,42;527,42;133;4,2;2;6,25
"231400 VARZEA ALEGRE";338;338;164116,72;126437,24;-;-;37679,48;-;-;485,55;485,55;802;2,4;9;2,66
"231410 VICOSA DO CEARA";144;144;71830,44;51957,80;-;-;19872,64;-;-;498,82;498,82;407;2,8;3;2,08
"240020 ACU";149;149;126201,53;85930,30;9472,68;-;25480,57;5317,98;-;846,99;846,99;483;3,2;4;2,68
"240050 ALEXANDRIA";436;436;278679,28;190045,57;2906,93;-;84180,45;1546,33;-;639,17;639,17;860;2,0;1;0,23
"240060 ALMINO AFONSO";349;349;452347,82;204521,00;-;163311,84;51840,42;-;32674,56;1296,13;1296,13;328;0,9;-;-
"240070 ALTO DO RODRIGUES";15;15;7605,06;6670,19;-;-;934,87;-;-;507,00;507,00;53;3,5;2;13,33
"240080 ANGICOS";35;35;20573,85;15480,34;-;-;5093,51;-;-;587,82;587,82;119;3,4;2;5,71
"240090 ANTONIO MARTINS";24;24;12957,74;9476,42;-;-;3481,32;-;-;539,91;539,91;65;2,7;-;-
"240100 APODI";139;139;142419,13;72733,59;29702,09;-;23801,15;16182,30;-;1024,60;1024,60;512;3,7;2;1,44
"240110 AREIA BRANCA";49;49;21311,12;17348,28;-;-;3962,84;-;-;434,92;434,92;244;5,0;1;2,04
"240145 BARAUNA";19;19;7927,63;6822,46;-;-;1105,17;-;-;417,24;417,24;73;3,8;2;10,53
"240180 BREJINHO";3;3;1095,68;915,39;-;-;180,29;-;-;365,23;365,23;21;7,0;2;66,67
"240200 CAICO";578;578;538500,04;429857,72;-;-;108642,32;-;-;931,66;931,66;1923;3,3;28;4,84
"240230 CARAUBAS";63;63;50213,34;25055,57;10553,45;-;8961,73;5642,59;-;797,04;797,04;282;4,5;-;-
"240250 CARNAUBAIS";7;7;2490,05;2154,16;-;-;335,89;-;-;355,72;355,72;29;4,1;1;14,29
"240260 CEARA-MIRIM";345;345;166374,56;118716,54;-;-;47658,02;-;-;482,25;482,25;1279;3,7;8;2,32
"240270 CERRO CORA";9;9;4401,00;3905,19;-;-;495,81;-;-;489,00;489,00;33;3,7;-;-
"240280 CORONEL EZEQUIEL";1;1;865,91;793,69;-;-;72,22;-;-;865,91;865,91;3;3,0;-;-
"240290 CORONEL JOAO PESSOA";5;5;3064,10;2672,35;-;-;391,75;-;-;612,82;612,82;27;5,4;-;-
"240310 CURRAIS NOVOS";480;480;487603,42;356240,24;2373,24;-;127553,50;1436,44;-;1015,84;1015,84;1017;2,1;6;1,25
"240320 DOUTOR SEVERIANO";8;8;3034,12;2620,31;-;-;413,81;-;-;379,26;379,26;38;4,8;-;-
"240325 PARNAMIRIM";664;664;930749,69;725986,61;-;-;204763,08;-;-;1401,73;1401,73;3305;5,0;8;1,20
"240330 ENCANTO";2;2;1281,88;1163,36;-;-;118,52;-;-;640,94;640,94;11;5,5;-;-
"240340 EQUADOR";9;9;4113,89;3541,31;-;-;572,58;-;-;457,10;457,10;78;8,7;-;-
"240360 EXTREMOZ";51;51;17174,19;14762,69;-;-;2411,50;-;-;336,75;336,75;159;3,1;6;11,76
"240370 FELIPE GUERRA";6;6;1550,74;1341,68;-;-;209,06;-;-;258,46;258,46;33;5,5;-;-
"240400 FRUTUOSO GOMES";14;14;5552,46;4440,24;-;-;1112,22;-;-;396,60;396,60;65;4,6;-;-
"240420 GOIANINHA";13;13;6388,78;5649,61;-;-;739,17;-;-;491,44;491,44;100;7,7;1;7,69
"240450 GUAMARE";153;153;71571,53;53079,20;-;-;18492,33;-;-;467,79;467,79;565;3,7;5;3,27
"240520 JANDUIS";21;21;8095,07;6987,03;-;-;1108,04;-;-;385,48;385,48;89;4,2;1;4,76
"240530 JANUARIO CICCO";3;3;840,37;721,54;-;-;118,83;-;-;280,12;280,12;26;8,7;2;66,67
"240560 JARDIM DE PIRANHAS";9;9;5588,25;5055,66;-;-;532,59;-;-;620,92;620,92;80;8,9;1;11,11
"240570 JARDIM DO SERIDO";18;18;10091,13;9004,06;-;-;1087,07;-;-;560,62;560,62;38;2,1;3;16,67
"240580 JOAO CAMARA";101;101;109105,43;55621,10;23643,91;-;16990,65;12849,77;-;1080,25;1080,25;593;5,9;11;10,89
"240600 JOSE DA PENHA";7;7;1958,23;1690,04;-;-;268,19;-;-;279,75;279,75;33;4,7;-;-
"240610 JUCURUTU";76;76;46570,16;33333,37;-;-;13236,79;-;-;612,77;612,77;196;2,6;3;3,95
"240650 LAGOA NOVA";12;12;4719,53;4163,66;-;-;555,87;-;-;393,29;393,29;52;4,3;-;-
"240670 LAJES";32;32;15589,81;11377,28;-;-;4212,53;-;-;487,18;487,18;110;3,4;-;-
"240690 LUCRECIA";25;25;7441,06;6407,58;-;-;1033,48;-;-;297,64;297,64;50;2,0;-;-
"240710 MACAIBA";157;157;266843,61;210179,35;-;-;56664,26;-;-;1699,64;1699,64;792;5,0;9;5,73
"240720 MACAU";58;58;24126,48;18927,85;-;-;5198,63;-;-;415,97;415,97;396;6,8;2;3,45
"240725 MAJOR SALES";4;4;1546,41;1337,67;-;-;208,74;-;-;386,60;386,60;23;5,8;-;-
"240740 MARTINS";16;16;5343,66;4574,92;-;-;768,74;-;-;333,98;333,98;53;3,3;-;-
"240760 MESSIAS TARGINO";3;3;1864,30;1667,43;-;-;196,87;-;-;621,43;621,43;12;4,0;1;33,33
"240780 MONTE ALEGRE";29;29;8163,21;7018,65;-;-;1144,56;-;-;281,49;281,49;89;3,1;-;-
"240800 MOSSORO";2207;2202;4999802,09;3725066,05;15142,98;-;1251645,62;7947,44;-;2265,43;2270,57;12986;5,9;116;5,27
"240810 NATAL";9755;9627;21916818,91;16938247,10;23110,24;-;4946493,29;8968,28;-;2246,73;2276,60;54693;5,7;251;2,61
"240830 NOVA CRUZ";16;16;9657,53;8803,21;-;-;854,32;-;-;603,60;603,60;175;10,9;4;25,00
"240890 PARELHAS";15;15;6760,05;5605,18;-;-;1154,87;-;-;450,67;450,67;92;6,1;3;20,00
"240910 PASSA E FICA";37;37;22158,56;16751,34;-;-;5407,22;-;-;598,88;598,88;105;2,8;-;-
"240930 PATU";13;13;3131,54;2714,93;-;-;416,61;-;-;240,89;240,89;72;5,5;-;-
"240940 PAU DOS FERROS";508;508;388388,90;277201,05;9250,17;12684,90;84223,29;5029,49;-;764,55;764,55;1971;3,9;23;4,53
"240980 PEDRO VELHO";6;6;2087,76;1764,09;-;-;323,67;-;-;347,96;347,96;32;5,3;1;16,67
"240990 PENDENCIAS";18;18;8042,21;7029,42;-;-;1012,79;-;-;446,79;446,79;59;3,3;-;-
"241000 PILOES";3;3;1121,74;968,54;-;-;153,20;-;-;373,91;373,91;7;2,3;-;-
"241030 SERRA CAIADA";3;3;1747,26;1512,21;-;-;235,05;-;-;582,42;582,42;22;7,3;1;33,33
"241060 RAFAEL GODEIRO";9;9;5200,98;3746,22;-;-;1454,76;-;-;577,89;577,89;31;3,4;-;-
"241070 RIACHO DA CRUZ";5;5;1986,59;1758,30;-;-;228,29;-;-;397,32;397,32;13;2,6;-;-
"241120 SANTA CRUZ";566;566;318120,55;209214,10;-;-;108906,45;-;-;562,05;562,05;1898;3,4;3;0,53
"241140 SANTANA DO MATOS";11;11;5661,42;5120,80;-;-;540,62;-;-;514,67;514,67;54;4,9;1;9,09
"241142 SANTANA DO SERIDO";1;1;590,42;512,07;-;-;78,35;-;-;590,42;590,42;6;6,0;-;-
"241150 SANTO ANTONIO";242;242;231851,92;129765,64;38821,79;-;42397,99;20866,50;-;958,07;958,07;904;3,7;23;9,50
"241200 SAO GONCALO DO AMARANTE";218;218;147237,33;95176,29;-;11321,66;34781,72;-;5957,66;675,40;675,40;991;4,5;10;4,59
"241220 SAO JOSE DE MIPIBU";426;426;237200,59;146118,98;-;-;91081,61;-;-;556,81;556,81;1149;2,7;-;-
"241230 SAO JOSE DO CAMPESTRE";5;5;2039,92;1785,15;-;-;254,77;-;-;407,98;407,98;31;6,2;1;20,00
"241240 SAO JOSE DO SERIDO";1;1;214,57;174,74;-;-;39,83;-;-;214,57;214,57;4;4,0;-;-
"241250 SAO MIGUEL";8;8;2021,06;1742,10;-;-;278,96;-;-;252,63;252,63;47;5,9;-;-
"241260 SAO PAULO DO POTENGI";53;53;51274,03;47897,40;-;-;3376,63;-;-;967,43;967,43;415;7,8;10;18,87
"241280 SAO RAFAEL";16;16;7973,79;7083,20;-;-;890,59;-;-;498,36;498,36;64;4,0;-;-
"241300 SAO VICENTE";1;1;582,42;504,07;-;-;78,35;-;-;582,42;582,42;1;1,0;-;-
"241330 SERRA DE SAO BENTO";2;2;1084,59;981,69;-;-;102,90;-;-;542,29;542,29;14;7,0;-;-
"241335 SERRA DO MEL";5;5;2519,07;2217,35;-;-;301,72;-;-;503,81;503,81;27;5,4;-;-
"241340 SERRA NEGRA DO NORTE";9;9;3102,88;2749,37;-;-;353,51;-;-;344,76;344,76;41;4,6;-;-
"241355 SERRINHA DOS PINTOS";11;11;3789,20;3324,67;-;-;464,53;-;-;344,47;344,47;13;1,2;-;-
"241360 SEVERIANO MELO";3;3;2314,24;2091,45;-;-;222,79;-;-;771,41;771,41;15;5,0;-;-
"241380 TABOLEIRO GRANDE";3;3;1369,87;1145,59;-;-;224,28;-;-;456,62;456,62;15;5,0;-;-
"241400 TANGARA";6;6;2513,08;2167,13;-;-;345,95;-;-;418,85;418,85;31;5,2;2;33,33
"241410 TENENTE ANANIAS";192;192;186128,04;83425,20;-;39697,39;41155,73;-;21849,72;969,42;969,42;546;2,8;-;-
"241420 TIBAU DO SUL";6;6;2949,86;2622,38;-;-;327,48;-;-;491,64;491,64;31;5,2;1;16,67
"241440 TOUROS";25;25;9786,17;8598,25;-;-;1187,92;-;-;391,45;391,45;110;4,4;-;-
"241460 UPANEMA";7;7;1814,89;1550,27;-;-;264,62;-;-;259,27;259,27;24;3,4;1;14,29
"241475 VENHA-VER";2;2;981,86;838,37;-;-;143,49;-;-;490,93;490,93;10;5,0;-;-
"250010 AGUA BRANCA";19;19;6676,66;5895,64;-;-;781,02;-;-;351,40;351,40;79;4,2;-;-
"250030 ALAGOA GRANDE";20;20;9333,39;6979,18;-;-;2354,21;-;-;466,67;466,67;54;2,7;-;-
"250040 ALAGOA NOVA";36;36;12592,04;10752,71;-;-;1839,33;-;-;349,78;349,78;236;6,6;-;-
"250070 SAO JOAO DO RIO DO PEIXE";38;38;17796,53;15448,36;-;-;2348,17;-;-;468,33;468,33;161;4,2;-;-
"250110 AREIA";23;23;6786,96;5571,10;-;-;1215,86;-;-;295,09;295,09;94;4,1;4;17,39
"250130 AROEIRAS";41;41;18755,97;16289,57;-;-;2466,40;-;-;457,46;457,46;139;3,4;2;4,88
"250150 BANANEIRAS";5;5;1925,05;1410,51;-;-;514,54;-;-;385,01;385,01;19;3,8;1;20,00
"250180 BAYEUX";125;125;88427,40;58426,33;-;-;30001,07;-;-;707,42;707,42;199;1,6;-;-
"250190 BELEM";11;11;5031,61;4584,48;-;-;447,13;-;-;457,42;457,42;60;5,5;1;9,09
"250200 BELEM DO BREJO DO CRUZ";5;5;1754,88;1523,53;-;-;231,35;-;-;350,98;350,98;15;3,0;-;-
"250230 BOM SUCESSO";2;2;833,10;724,07;-;-;109,03;-;-;416,55;416,55;12;6,0;-;-
"250240 BONITO DE SANTA FE";12;12;6065,34;5357,07;-;-;708,27;-;-;505,44;505,44;53;4,4;-;-
"250250 BOQUEIRAO";30;30;15093,44;13301,32;-;-;1792,12;-;-;503,11;503,11;159;5,3;2;6,67
"250280 BREJO DO CRUZ";11;11;3464,20;2977,07;-;-;487,13;-;-;314,93;314,93;18;1,6;-;-
"250300 CAAPORA";19;19;7757,77;6386,42;-;-;1371,35;-;-;408,30;408,30;82;4,3;2;10,53
"250320 CABEDELO";152;152;83327,32;61290,50;-;-;22036,82;-;-;548,21;548,21;858;5,6;7;4,61
"250370 CAJAZEIRAS";625;625;541023,71;428309,42;-;-;112714,29;-;-;865,64;865,64;3138;5,0;43;6,88
"250400 CAMPINA GRANDE";5330;5186;7551174,27;5423038,15;366998,76;-;1561873,03;199264,33;-;1416,73;1456,07;30074;5,8;240;4,63
"250430 CATOLE DO ROCHA";176;176;66776,88;53798,77;-;-;12978,11;-;-;379,41;379,41;583;3,3;7;3,98
"250440 CONCEICAO";59;59;25436,19;21721,07;-;-;3715,12;-;-;431,12;431,12;191;3,2;-;-
"250480 COREMAS";46;46;15287,29;12960,10;-;-;2327,19;-;-;332,33;332,33;167;3,6;2;4,35
"250510 CUITE";60;60;29860,36;23562,70;-;-;6297,66;-;-;497,67;497,67;166;2,8;4;6,67
"250600 ESPERANCA";32;32;15257,31;13739,69;-;-;1517,62;-;-;476,79;476,79;169;5,3;6;18,75
"250630 GUARABIRA";515;515;439969,43;316992,43;-;-;122977,00;-;-;854,31;854,31;2153;4,2;34;6,60
"250690 ITABAIANA";182;182;94280,66;68081,83;-;-;26198,83;-;-;518,03;518,03;452;2,5;9;4,95
"250700 ITAPORANGA";157;157;75288,21;55850,41;-;-;19437,80;-;-;479,54;479,54;337;2,1;9;5,73
"250710 ITAPOROROCA";18;18;9044,16;6198,40;-;-;2845,76;-;-;502,45;502,45;25;1,4;-;-
"250740 JERICO";12;12;5711,31;5045,09;-;-;666,22;-;-;475,94;475,94;47;3,9;-;-
"250750 JOAO PESSOA";7943;7918;13715905,34;10775730,03;18204,58;-;2917104,08;4866,65;-;1726,79;1732,24;49927;6,3;340;4,29
"250770 JUAZEIRINHO";10;10;3075,05;2648,08;-;-;426,97;-;-;307,50;307,50;30;3,0;-;-
"250800 JURU";6;6;3219,86;2658,14;-;-;561,72;-;-;536,64;536,64;16;2,7;-;-
"250830 LAGOA SECA";36;36;13675,55;11983,58;-;-;1691,97;-;-;379,88;379,88;130;3,6;3;8,33
"250890 MAMANGUAPE";534;534;449394,71;338574,80;-;-;110819,91;-;-;841,56;841,56;2301;4,3;33;6,18
"250920 MASSARANDUBA";2;2;1164,84;1008,14;-;-;156,70;-;-;582,42;582,42;17;8,5;-;-
"250970 MONTEIRO";301;301;113316,81;88819,84;-;-;24496,97;-;-;376,47;376,47;1162;3,9;16;5,32
"251080 PATOS";1187;1187;1109761,34;829378,87;-;-;280382,47;-;-;934,93;934,93;5944;5,0;35;2,95
"251090 PAULISTA";29;29;12254,21;10784,30;-;-;1469,91;-;-;422,56;422,56;152;5,2;2;6,90
"251110 PEDRA LAVRADA";31;31;11446,73;8425,01;-;-;3021,72;-;-;369,25;369,25;42;1,4;1;3,23
"251120 PEDRAS DE FOGO";87;87;43333,72;35264,83;-;-;8068,89;-;-;498,09;498,09;392;4,5;11;12,64
"251130 PIANCO";132;132;90951,16;73046,43;-;-;17904,73;-;-;689,02;689,02;485;3,7;13;9,85
"251140 PICUI";253;253;146069,95;104925,27;-;-;41144,68;-;-;577,35;577,35;593;2,3;15;5,93
"251210 POMBAL";225;225;135481,87;89840,64;8136,29;-;33191,16;4313,78;-;602,14;602,14;708;3,1;11;4,89
"251230 PRINCESA ISABEL";47;47;24518,07;17822,67;-;-;6695,40;-;-;521,66;521,66;169;3,6;3;6,38
"251250 QUEIMADAS";290;290;166899,75;122938,13;-;-;43961,62;-;-;575,52;575,52;956;3,3;9;3,10
"251340 SANTA LUZIA";37;37;19160,05;12618,35;-;-;6541,70;-;-;517,84;517,84;71;1,9;-;-
"251370 SANTA RITA";1022;1022;3218521,71;2485303,93;-;-;733217,78;-;-;3149,24;3149,24;5480;5,4;44;4,31
"251390 SAO BENTO";76;76;37541,27;25732,65;-;-;11808,62;-;-;493,96;493,96;163;2,1;3;3,95
"251450 SAO JOSE DE PIRANHAS";32;32;16977,10;14884,98;-;-;2092,12;-;-;530,53;530,53;176;5,5;2;6,25
"251490 SAO MAMEDE";13;13;6277,79;4865,72;-;-;1412,07;-;-;482,91;482,91;38;2,9;-;-
"251530 SAPE";61;61;22806,65;19015,07;-;-;3791,58;-;-;373,88;373,88;377;6,2;9;14,75
"251540 SAO VICENTE DO SERIDO";10;10;2964,34;2568,68;-;-;395,66;-;-;296,43;296,43;34;3,4;-;-
"251550 SERRA BRANCA";61;61;27234,46;21937,16;-;-;5297,30;-;-;446,47;446,47;190;3,1;4;6,56
"251600 SOLANEA";83;83;36840,25;30241,74;-;-;6598,51;-;-;443,86;443,86;220;2,7;2;2,41
"251610 SOLEDADE";13;13;6387,26;5853,66;-;-;533,60;-;-;491,33;491,33;84;6,5;-;-
"251620 SOUSA";203;203;134070,62;113638,94;-;-;20431,68;-;-;660,45;660,45;1135;5,6;14;6,90
"251630 SUME";85;85;37205,88;27758,38;-;-;9447,50;-;-;437,72;437,72;237;2,8;3;3,53
"251650 TAPEROA";155;155;88647,83;67398,61;-;-;21249,22;-;-;571,92;571,92;548;3,5;3;1,94
"251660 TAVARES";102;102;24308,55;21519,67;-;-;2788,88;-;-;238,32;238,32;144;1,4;2;1,96
"251690 UIRAUNA";139;139;50083,50;44154,13;-;-;5929,37;-;-;360,31;360,31;337;2,4;-;-
"260010 AFOGADOS DA INGAZEIRA";839;839;420115,23;300460,83;-;-;119654,40;-;-;500,73;500,73;2285;2,7;23;2,74
"260020 AFRANIO";86;86;62858,23;30221,30;13273,82;-;11433,96;7929,15;-;730,91;730,91;272;3,2;3;3,49
"260030 AGRESTINA";92;90;89710,24;74673,33;-;-;15036,91;-;-;975,11;996,78;609;6,8;1;1,11
"260040 AGUA PRETA";6;6;2620,24;2334,72;-;-;285,52;-;-;436,71;436,71;40;6,7;2;33,33
"260050 AGUAS BELAS";52;52;20898,16;14903,77;-;-;5994,39;-;-;401,89;401,89;254;4,9;-;-
"260060 ALAGOINHA";6;6;1757,56;1283,06;-;-;474,50;-;-;292,93;292,93;18;3,0;-;-
"260070 ALIANCA";23;23;11042,85;7572,52;-;-;3470,33;-;-;480,12;480,12;43;1,9;-;-
"260080 ALTINHO";9;9;3036,58;2458,93;-;-;577,65;-;-;337,40;337,40;43;4,8;1;11,11
"260090 AMARAJI";10;10;4415,48;3560,91;-;-;854,57;-;-;441,55;441,55;34;3,4;-;-
"260100 ANGELIM";12;12;5818,21;5356,31;-;-;461,90;-;-;484,85;484,85;59;4,9;-;-
"260110 ARARIPINA";576;576;807957,26;615184,79;25249,41;-;153977,68;13545,38;-;1402,70;1402,70;3220;5,6;20;3,47
"260120 ARCOVERDE";1390;1390;1035779,40;734386,83;51365,47;-;219710,49;30316,61;-;745,17;745,17;4399;3,2;50;3,60
"260130 BARRA DE GUABIRABA";6;6;2461,69;2050,46;-;-;411,23;-;-;410,28;410,28;45;7,5;1;16,67
"260140 BARREIROS";223;223;286027,95;100167,38;85496,20;-;52835,96;47528,41;-;1282,64;1282,64;518;2,3;4;1,79
"260150 BELEM DE MARIA";1;1;443,40;267,60;-;-;175,80;-;-;443,40;443,40;1;1,0;-;-
"260160 BELEM DE SAO FRANCISCO";22;22;8678,72;7361,10;-;-;1317,62;-;-;394,49;394,49;67;3,0;1;4,55
"260170 BELO JARDIM";100;100;55797,15;35051,81;3203,55;-;15842,41;1699,38;-;557,97;557,97;206;2,1;3;3,00
"260180 BETANIA";6;6;1334,93;1095,82;-;-;239,11;-;-;222,49;222,49;42;7,0;-;-
"260190 BEZERROS";306;306;748321,50;592167,58;-;-;156153,92;-;-;2445,50;2445,50;1837;6,0;16;5,23
"260200 BODOCO";26;26;11188,10;9742,48;-;-;1445,62;-;-;430,31;430,31;167;6,4;1;3,85
"260210 BOM CONSELHO";91;91;44899,20;35855,72;-;-;9043,48;-;-;493,40;493,40;345;3,8;4;4,40
"260220 BOM JARDIM";12;12;3798,28;3143,12;-;-;655,16;-;-;316,52;316,52;66;5,5;1;8,33
"260230 BONITO";57;57;36701,54;24361,58;-;-;12339,96;-;-;643,89;643,89;106;1,9;2;3,51
"260240 BREJAO";4;4;1831,16;1622,24;-;-;208,92;-;-;457,79;457,79;14;3,5;-;-
"260250 BREJINHO";12;12;4326,84;3756,85;-;-;569,99;-;-;360,57;360,57;30;2,5;-;-
"260260 BREJO DA MADRE DE DEUS";23;23;10932,39;8161,20;-;-;2771,19;-;-;475,32;475,32;78;3,4;1;4,35
"260280 BUIQUE";107;107;36882,88;31521,72;-;-;5361,16;-;-;344,70;344,70;364;3,4;2;1,87
"260290 CABO DE SANTO AGOSTINHO";916;916;1272269,17;982008,11;3235,96;-;285104,51;1920,59;-;1388,94;1388,94;4290;4,7;61;6,66
"260300 CABROBO";49;49;25241,87;17696,06;-;-;7545,81;-;-;515,14;515,14;142;2,9;4;8,16
"260310 CACHOEIRINHA";22;22;8828,79;7936,14;-;-;892,65;-;-;401,31;401,31;138;6,3;7;31,82
"260320 CAETES";35;35;12506,14;10273,46;-;-;2232,68;-;-;357,32;357,32;129;3,7;1;2,86
"260330 CALCADO";6;6;2602,66;2350,01;-;-;252,65;-;-;433,78;433,78;27;4,5;-;-
"260340 CALUMBI";4;4;1547,31;1325,41;-;-;221,90;-;-;386,83;386,83;15;3,8;1;25,00
"260345 CAMARAGIBE";99;99;87048,71;30092,53;22259,10;-;19202,12;15494,96;-;879,28;879,28;83;0,8;-;-
"260350 CAMOCIM DE SAO FELIX";13;13;4681,28;3962,51;-;-;718,77;-;-;360,10;360,10;59;4,5;1;7,69
"260360 CAMUTANGA";3;3;931,02;568,54;-;-;362,48;-;-;310,34;310,34;11;3,7;-;-
"260370 CANHOTINHO";41;41;19198,63;14119,15;-;-;5079,48;-;-;468,26;468,26;112;2,7;-;-
"260380 CAPOEIRAS";20;20;8217,70;6403,87;-;-;1813,83;-;-;410,88;410,88;74;3,7;-;-
"260390 CARNAIBA";65;65;39494,28;23663,48;5919,10;-;6770,40;3141,30;-;607,60;607,60;196;3,0;-;-
"260392 CARNAUBEIRA DA PENHA";8;8;3225,35;2481,68;-;-;743,67;-;-;403,17;403,17;31;3,9;-;-
"260400 CARPINA";114;114;77208,32;43846,40;12278,93;-;14016,17;7066,82;-;677,27;677,27;666;5,8;5;4,39
"260410 CARUARU";4091;4091;4813164,92;3606731,49;90532,02;-;1060464,05;55437,36;-;1176,53;1176,53;17221;4,2;153;3,74
"260415 CASINHAS";8;8;3780,15;3263,67;-;-;516,48;-;-;472,52;472,52;61;7,6;-;-
"260420 CATENDE";25;25;12133,09;10182,72;-;-;1950,37;-;-;485,32;485,32;117;4,7;1;4,00
"260430 CEDRO";8;8;2936,27;2604,96;-;-;331,31;-;-;367,03;367,03;35;4,4;-;-
"260450 CHA GRANDE";31;31;18928,93;10872,34;2211,56;-;4149,38;1695,65;-;610,61;610,61;137;4,4;3;9,68
"260460 CONDADO";2;2;904,10;775,12;-;-;128,98;-;-;452,05;452,05;2;1,0;1;50,00
"260470 CORRENTES";13;13;5863,30;4396,35;-;-;1466,95;-;-;451,02;451,02;29;2,2;-;-
"260480 CORTES";62;62;65343,46;26825,80;17307,03;-;11387,51;9823,12;-;1053,93;1053,93;214;3,5;-;-
"260490 CUMARU";26;26;12038,35;10545,39;-;-;1492,96;-;-;463,01;463,01;105;4,0;3;11,54
"260500 CUPIRA";15;15;5988,33;5202,85;-;-;785,48;-;-;399,22;399,22;66;4,4;-;-
"260510 CUSTODIA";57;57;26768,85;14613,29;5027,41;-;4299,33;2828,82;-;469,63;469,63;207;3,6;1;1,75
"260515 DORMENTES";35;35;20484,43;11925,91;2787,21;-;4200,62;1570,69;-;585,27;585,27;137;3,9;2;5,71
"260520 ESCADA";27;27;11065,96;9545,59;-;-;1520,37;-;-;409,85;409,85;125;4,6;1;3,70
"260530 EXU";24;24;8871,19;7431,12;-;-;1440,07;-;-;369,63;369,63;147;6,1;-;-
"260540 FEIRA NOVA";2;2;226,79;176,08;-;-;50,71;-;-;113,39;113,39;10;5,0;1;50,00
"260560 FLORES";12;12;4397,24;3949,19;-;-;448,05;-;-;366,44;366,44;51;4,3;-;-
"260570 FLORESTA";64;64;27446,96;20073,50;-;-;7373,46;-;-;428,86;428,86;162;2,5;-;-
"260580 FREI MIGUELINHO";4;4;1646,85;1460,87;-;-;185,98;-;-;411,71;411,71;30;7,5;2;50,00
"260590 GAMELEIRA";10;10;3579,01;3198,55;-;-;380,46;-;-;357,90;357,90;44;4,4;-;-
"260600 GARANHUNS";1059;1059;873863,94;677474,57;-;-;196389,37;-;-;825,18;825,18;3870;3,7;57;5,38
"260610 GLORIA DO GOITA";1;1;443,40;267,60;-;-;175,80;-;-;443,40;443,40;-;-;-;-
"260620 GOIANA";320;320;135592,75;102142,31;-;-;33450,44;-;-;423,73;423,73;1219;3,8;6;1,88
"260630 GRANITO";11;11;4995,87;4299,03;-;-;696,84;-;-;454,17;454,17;102;9,3;-;-
"260640 GRAVATA";40;40;47692,97;39982,03;-;-;7710,94;-;-;1192,32;1192,32;250;6,3;3;7,50
"260650 IATI";60;60;34718,60;24015,16;-;-;10703,44;-;-;578,64;578,64;129;2,1;1;1,67
"260660 IBIMIRIM";22;22;10772,04;9873,27;-;-;898,77;-;-;489,64;489,64;109;5,0;-;-
"260670 IBIRAJUBA";5;5;1957,76;1785,07;-;-;172,69;-;-;391,55;391,55;8;1,6;-;-
"260680 IGARASSU";28;28;7890,51;6854,38;-;-;1036,13;-;-;281,80;281,80;75;2,7;-;-
"260690 IGUARACY";6;6;2154,72;1921,83;-;-;232,89;-;-;359,12;359,12;23;3,8;-;-
"260700 INAJA";27;27;10529,14;8174,51;-;-;2354,63;-;-;389,97;389,97;119;4,4;-;-
"260710 INGAZEIRA";1;1;155,42;131,92;-;-;23,50;-;-;155,42;155,42;2;2,0;-;-
"260720 IPOJUCA";114;114;58812,41;33571,78;-;-;25240,63;-;-;515,90;515,90;208;1,8;-;-
"260730 IPUBI";16;16;4505,57;3881,52;-;-;624,05;-;-;281,60;281,60;69;4,3;-;-
"260750 ITAIBA";46;46;20199,00;16534,21;-;-;3664,79;-;-;439,11;439,11;160;3,5;3;6,52
"260765 ITAMBE";6;6;2001,02;1707,03;-;-;293,99;-;-;333,50;333,50;51;8,5;-;-
"260770 ITAPETIM";56;56;44452,58;22230,90;7975,08;-;10094,92;4151,68;-;793,80;793,80;134;2,4;1;1,79
"260780 ITAQUITINGA";1;1;261,18;224,62;-;-;36,56;-;-;261,18;261,18;6;6,0;-;-
"260790 JABOATAO DOS GUARARAPES";2230;2199;4240875,99;3323441,89;106358,14;-;754619,41;56456,55;-;1901,74;1928,55;13244;6,0;63;2,86
"260795 JAQUEIRA";26;26;8063,66;6907,20;-;-;1156,46;-;-;310,14;310,14;128;4,9;-;-
"260800 JATAUBA";87;87;14554,51;12145,98;-;-;2408,53;-;-;167,29;167,29;150;1,7;1;1,15
"260805 JATOBA";10;10;3431,90;2690,70;-;-;741,20;-;-;343,19;343,19;33;3,3;-;-
"260810 JOAO ALFREDO";29;29;12398,91;10406,33;-;-;1992,58;-;-;427,55;427,55;175;6,0;2;6,90
"260825 JUCATI";5;5;2439,38;2128,37;-;-;311,01;-;-;487,88;487,88;31;6,2;-;-
"260830 JUPI";14;14;5496,00;4825,84;-;-;670,16;-;-;392,57;392,57;53;3,8;-;-
"260840 JUREMA";8;8;3219,38;2844,95;-;-;374,43;-;-;402,42;402,42;31;3,9;-;-
"260845 LAGOA DO CARRO";4;4;2013,63;1785,11;-;-;228,52;-;-;503,41;503,41;18;4,5;1;25,00
"260850 LAGOA DE ITAENGA";15;15;7892,37;5489,08;-;-;2403,29;-;-;526,16;526,16;37;2,5;-;-
"260860 LAGOA DO OURO";38;38;19110,00;15523,95;-;-;3586,05;-;-;502,89;502,89;168;4,4;2;5,26
"260870 LAGOA DOS GATOS";5;5;2055,46;1846,67;-;-;208,79;-;-;411,09;411,09;33;6,6;-;-
"260875 LAGOA GRANDE";43;43;19961,90;15551,52;-;-;4410,38;-;-;464,23;464,23;178;4,1;1;2,33
"260880 LAJEDO";41;41;11089,22;8630,72;-;-;2458,50;-;-;270,47;270,47;169;4,1;1;2,44
"260890 LIMOEIRO";407;407;596842,68;442855,77;31848,63;-;102406,72;19731,56;-;1466,44;1466,44;2311;5,7;25;6,14
"260900 MACAPARANA";31;31;15054,94;10493,60;-;-;4561,34;-;-;485,64;485,64;184;5,9;1;3,23
"260910 MACHADOS";1;1;446,78;374,26;-;-;72,52;-;-;446,78;446,78;1;1,0;-;-
"260915 MANARI";11;11;5456,31;4749,51;-;-;706,80;-;-;496,03;496,03;38;3,5;-;-
"260930 MIRANDIBA";7;7;3725,24;3141,66;-;-;583,58;-;-;532,18;532,18;45;6,4;1;14,29
"260940 MORENO";492;492;960830,91;764902,08;-;-;195928,83;-;-;1952,91;1952,91;3112;6,3;15;3,05
"260950 NAZARE DA MATA";321;321;159686,37;104294,53;-;-;55391,84;-;-;497,47;497,47;1002;3,1;3;0,93
"260960 OLINDA";916;916;1323378,65;1017078,26;53117,37;-;221574,18;31608,84;-;1444,74;1444,74;4692;5,1;74;8,08
"260970 OROBO";10;10;3965,89;3074,01;-;-;891,88;-;-;396,59;396,59;30;3,0;-;-
"260980 OROCO";11;11;4943,77;3693,70;-;-;1250,07;-;-;449,43;449,43;31;2,8;1;9,09
"260990 OURICURI";736;736;485972,88;315014,66;39121,82;-;110645,84;21190,56;-;660,29;660,29;2756;3,7;30;4,08
"261000 PALMARES";1127;1127;1380352,71;983706,93;48757,11;38586,91;258915,41;29459,37;20926,98;1224,80;1224,80;4909;4,4;57;5,06
"261010 PALMEIRINA";10;10;4523,82;3813,93;-;-;709,89;-;-;452,38;452,38;45;4,5;-;-
"261020 PANELAS";33;33;24203,57;13613,83;4226,17;-;3907,10;2456,47;-;733,44;733,44;97;2,9;-;-
"261030 PARANATAMA";38;38;19674,64;15087,44;-;-;4587,20;-;-;517,75;517,75;109;2,9;1;2,63
"261040 PARNAMIRIM";34;34;14163,35;12505,75;-;-;1657,60;-;-;416,57;416,57;162;4,8;-;-
"261050 PASSIRA";11;11;3298,26;2924,41;-;-;373,85;-;-;299,84;299,84;48;4,4;1;9,09
"261060 PAUDALHO";213;213;271413,01;89265,22;82698,28;-;51236,20;48213,31;-;1274,24;1274,24;425;2,0;-;-
"261070 PAULISTA";1061;1021;1065647,09;895909,41;-;-;169737,68;-;-;1004,38;1043,73;7079;6,9;62;6,07
"261080 PEDRA";19;19;8292,84;5480,96;-;-;2811,88;-;-;436,47;436,47;60;3,2;-;-
"261090 PESQUEIRA";123;123;115978,06;58661,98;22161,57;-;21968,82;13185,69;-;942,91;942,91;624;5,1;2;1,63
"261100 PETROLANDIA";192;192;113603,13;65823,40;12807,51;-;26595,90;8376,32;-;591,68;591,68;593;3,1;2;1,04
"261110 PETROLINA";2270;2270;2442500,04;1833684,44;-;-;608815,60;-;-;1075,99;1075,99;10423;4,6;65;2,86
"261120 POCAO";20;20;7069,49;5896,06;-;-;1173,43;-;-;353,47;353,47;75;3,8;-;-
"261130 POMBOS";1;1;44,22;33,34;-;-;10,88;-;-;44,22;44,22;1;1,0;-;-
"261150 QUIPAPA";9;9;3745,68;2686,31;-;-;1059,37;-;-;416,19;416,19;22;2,4;-;-
"261160 RECIFE";28470;28361;62056265,94;48271708,41;269521,38;-;13358531,19;156504,96;-;2179,71;2188,08;168808;6,0;1309;4,62
"261170 RIACHO DAS ALMAS";23;23;11592,47;9120,34;-;-;2472,13;-;-;504,02;504,02;68;3,0;-;-
"261180 RIBEIRAO";3;3;1330,20;802,80;-;-;527,40;-;-;443,40;443,40;3;1,0;-;-
"261190 RIO FORMOSO";3;3;1096,04;831,01;-;-;265,03;-;-;365,35;365,35;3;1,0;-;-
"261200 SAIRE";12;12;4060,98;3517,71;-;-;543,27;-;-;338,42;338,42;73;6,1;-;-
"261220 SALGUEIRO";853;853;782544,62;592173,17;18868,20;-;161957,83;9545,42;-;917,40;917,40;3220;3,8;40;4,69
"261230 SALOA";30;30;11215,24;9234,48;-;-;1980,76;-;-;373,84;373,84;142;4,7;-;-
"261240 SANHARO";25;25;9068,13;7940,67;-;-;1127,46;-;-;362,73;362,73;113;4,5;1;4,00
"261245 SANTA CRUZ";32;32;13528,08;11636,98;-;-;1891,10;-;-;422,75;422,75;217;6,8;-;-
"261247 SANTA CRUZ DA BAIXA VERDE";8;8;3753,83;3315,57;-;-;438,26;-;-;469,23;469,23;30;3,8;-;-
"261250 SANTA CRUZ DO CAPIBARIBE";65;65;30479,28;24137,13;-;-;6342,15;-;-;468,91;468,91;270;4,2;2;3,08
"261255 SANTA FILOMENA";27;27;11143,45;9625,67;-;-;1517,78;-;-;412,72;412,72;197;7,3;-;-
"261260 SANTA MARIA DA BOA VISTA";57;57;23504,38;17792,69;-;-;5711,69;-;-;412,36;412,36;175;3,1;5;8,77
"261280 SANTA TEREZINHA";8;8;2929,40;2548,03;-;-;381,37;-;-;366,17;366,17;20;2,5;-;-
"261290 SAO BENEDITO DO SUL";1;1;443,40;267,60;-;-;175,80;-;-;443,40;443,40;1;1,0;-;-
"261300 SAO BENTO DO UNA";66;66;30736,43;25757,45;-;-;4978,98;-;-;465,70;465,70;288;4,4;1;1,52
"261310 SAO CAITANO";75;75;39342,47;29553,89;-;-;9788,58;-;-;524,57;524,57;283;3,8;2;2,67
"261320 SAO JOAO";20;20;12140,88;8611,71;-;-;3529,17;-;-;607,04;607,04;40;2,0;1;5,00
"261330 SAO JOAQUIM DO MONTE";26;26;23441,74;11929,05;4978,82;-;3685,26;2848,61;-;901,61;901,61;145;5,6;3;11,54
"261350 SAO JOSE DO BELMONTE";75;75;32001,02;25056,75;-;-;6944,27;-;-;426,68;426,68;226;3,0;-;-
"261360 SAO JOSE DO EGITO";34;34;13288,09;10911,58;-;-;2376,51;-;-;390,83;390,83;108;3,2;4;11,76
"261370 SAO LOURENCO DA MATA";261;261;394149,61;258952,59;35629,23;-;78646,10;20921,69;-;1510,15;1510,15;905;3,5;5;1,92
"261380 SAO VICENTE FERRER";7;7;3951,78;3508,98;-;-;442,80;-;-;564,54;564,54;37;5,3;1;14,29
"261390 SERRA TALHADA";1381;1294;1456854,05;1113964,40;52995,17;-;260449,59;29444,89;-;1054,93;1125,85;7922;6,1;40;3,09
"261400 SERRITA";16;16;6304,72;5580,32;-;-;724,40;-;-;394,04;394,04;76;4,8;-;-
"261410 SERTANIA";92;92;44544,01;33878,52;-;-;10665,49;-;-;484,17;484,17;293;3,2;-;-
"261420 SIRINHAEM";11;11;3753,76;2879,44;-;-;874,32;-;-;341,25;341,25;45;4,1;-;-
"261430 MOREILANDIA";16;16;6842,61;6015,06;-;-;827,55;-;-;427,66;427,66;73;4,6;1;6,25
"261440 SOLIDAO";3;3;1019,78;880,07;-;-;139,71;-;-;339,93;339,93;14;4,7;-;-
"261450 SURUBIM";198;161;190876,33;129401,77;18488,69;-;33275,93;9709,94;-;964,02;1185,57;1681;10,4;4;2,48
"261460 TABIRA";28;28;10418,85;8717,58;-;-;1701,27;-;-;372,10;372,10;72;2,6;-;-
"261480 TACARATU";32;32;11165,07;8655,05;-;-;2510,02;-;-;348,91;348,91;77;2,4;3;9,38
"261485 TAMANDARE";7;7;2734,71;2037,28;-;-;697,43;-;-;390,67;390,67;21;3,0;-;-
"261500 TAQUARITINGA DO NORTE";22;22;10710,44;8520,35;-;-;2190,09;-;-;486,84;486,84;71;3,2;-;-
"261510 TEREZINHA";2;2;1063,29;955,54;-;-;107,75;-;-;531,64;531,64;14;7,0;-;-
"261520 TERRA NOVA";6;6;1930,06;1666,19;-;-;263,87;-;-;321,68;321,68;24;4,0;-;-
"261530 TIMBAUBA";22;4;38419,66;35188,64;-;-;3231,02;-;-;1746,35;9604,92;580;145,0;-;-
"261540 TORITAMA";30;30;13836,60;11867,98;-;-;1968,62;-;-;461,22;461,22;235;7,8;-;-
"261560 TRINDADE";23;23;7507,90;6494,74;-;-;1013,16;-;-;326,43;326,43;132;5,7;-;-
"261570 TRIUNFO";19;19;7824,64;7032,29;-;-;792,35;-;-;411,82;411,82;123;6,5;2;10,53
"261580 TUPANATINGA";30;30;12636,49;10404,91;-;-;2231,58;-;-;421,22;421,22;136;4,5;-;-
"261590 TUPARETAMA";11;11;5611,37;4655,88;-;-;955,49;-;-;510,12;510,12;37;3,4;-;-
"261600 VENTUROSA";63;63;38370,36;24437,43;4004,54;-;7414,09;2514,30;-;609,05;609,05;213;3,4;6;9,52
"261610 VERDEJANTE";9;9;2555,48;2215,54;-;-;339,94;-;-;283,94;283,94;39;4,3;-;-
"261620 VERTENTES";130;130;127162,18;49365,66;33318,81;-;24473,20;20004,51;-;978,17;978,17;328;2,5;3;2,31
"261640 VITORIA DE SANTO ANTAO";705;705;821324,04;580305,47;-;41809,35;199209,22;-;-;1165,00;1165,00;3875;5,5;14;1,99
"270010 AGUA BRANCA";19;19;7055,68;6009,40;-;-;1046,28;-;-;371,35;371,35;95;5,0;-;-
"270030 ARAPIRACA";2480;2405;4298752,05;3469651,24;-;-;829100,81;-;-;1733,37;1787,42;14789;6,1;136;5,65
"270040 ATALAIA";31;31;14729,72;9814,80;-;-;4914,92;-;-;475,15;475,15;107;3,5;2;6,45
"270070 BATALHA";97;97;39853,84;26519,95;-;-;13333,89;-;-;410,86;410,86;153;1,6;-;-
"270100 BOCA DA MATA";9;9;4062,60;2480,40;-;-;1582,20;-;-;451,40;451,40;9;1,0;-;-
"270130 CAJUEIRO";7;7;3103,80;1873,20;-;-;1230,60;-;-;443,40;443,40;5;0,7;-;-
"270140 CAMPO ALEGRE";40;40;17182,04;14024,29;-;-;3157,75;-;-;429,55;429,55;170;4,3;2;5,00
"270170 CAPELA";32;32;14684,06;12530,83;-;-;2153,23;-;-;458,88;458,88;199;6,2;3;9,38
"270210 COLONIA LEOPOLDINA";2;2;902,80;551,20;-;-;351,60;-;-;451,40;451,40;2;1,0;-;-
"270230 CORURIPE";898;898;1504092,46;1089803,74;-;-;414288,72;-;-;1674,94;1674,94;3697;4,1;15;1,67
"270235 CRAIBAS";7;7;3103,80;1873,20;-;-;1230,60;-;-;443,40;443,40;7;1,0;-;-
"270240 DELMIRO GOUVEIA";538;538;288714,31;213176,44;-;-;75537,87;-;-;536,64;536,64;3366;6,3;30;5,58
"270300 IBATEGUARA";2;2;886,80;535,20;-;-;351,60;-;-;443,40;443,40;2;1,0;-;-
"270380 JOAQUIM GOMES";9;9;3511,25;2449,67;-;-;1061,58;-;-;390,14;390,14;21;2,3;-;-
"270400 JUNQUEIRO";34;34;13510,04;11017,76;-;-;2492,28;-;-;397,35;397,35;180;5,3;-;-
"270420 LIMOEIRO DE ANADIA";5;5;2805,13;2563,12;-;-;242,01;-;-;561,03;561,03;24;4,8;-;-
"270430 MACEIO";6993;6721;10853583,03;8482054,21;-;-;2371528,82;-;-;1552,06;1614,88;46093;6,9;372;5,53
"270450 MARAGOGI";14;14;6319,60;3858,40;-;-;2461,20;-;-;451,40;451,40;14;1,0;-;-
"270470 MARECHAL DEODORO";12;12;5416,80;3307,20;-;-;2109,60;-;-;451,40;451,40;11;0,9;-;-
"270500 MATA GRANDE";14;14;6210,92;5429,13;-;-;781,79;-;-;443,64;443,64;91;6,5;-;-
"270510 MATRIZ DE CAMARAGIBE";3;3;1225,78;1046,17;-;-;179,61;-;-;408,59;408,59;18;6,0;-;-
"270630 PALMEIRA DOS INDIOS";449;449;577851,29;441440,19;-;-;136411,10;-;-;1286,97;1286,97;1474;3,3;19;4,23
"270640 PAO DE ACUCAR";26;26;8869,36;6176,97;-;-;2692,39;-;-;341,13;341,13;39;1,5;-;-
"270670 PENEDO";412;412;204290,01;141684,92;-;-;62605,09;-;-;495,85;495,85;1051;2,6;6;1,46
"270680 PIACABUCU";4;4;1773,60;1070,40;-;-;703,20;-;-;443,40;443,40;4;1,0;-;-
"270690 PILAR";209;209;176413,53;96003,64;30988,07;-;32971,55;16450,27;-;844,08;844,08;533;2,6;4;1,91
"270710 PIRANHAS";59;59;27879,34;24146,49;-;-;3732,85;-;-;472,53;472,53;155;2,6;-;-
"270730 PORTO CALVO";573;573;843367,63;701307,96;-;-;142059,67;-;-;1471,85;1471,85;3793;6,6;63;10,99
"270760 QUEBRANGULO";9;9;3178,53;2647,18;-;-;531,35;-;-;353,17;353,17;27;3,0;-;-
"270770 RIO LARGO";34;34;14239,59;12513,25;-;-;1726,34;-;-;418,81;418,81;175;5,1;1;2,94
"270800 SANTANA DO IPANEMA";798;798;729452,29;489146,83;36609,93;-;184342,85;19352,68;-;914,10;914,10;2295;2,9;30;3,76
"270830 SAO JOSE DA LAJE";14;14;5324,76;3890,98;-;-;1433,78;-;-;380,34;380,34;19;1,4;-;-
"270840 SAO JOSE DA TAPERA";27;27;12710,40;10354,00;-;-;2356,40;-;-;470,76;470,76;95;3,5;3;11,11
"270850 SAO LUIS DO QUITUNDE";8;8;3547,20;2140,80;-;-;1406,40;-;-;443,40;443,40;8;1,0;-;-
"270860 SAO MIGUEL DOS CAMPOS";469;469;695914,85;545282,75;-;-;150632,10;-;-;1483,83;1483,83;2010;4,3;13;2,77
"270915 TEOTONIO VILELA";252;252;206108,45;80184,64;61791,95;-;33844,69;30287,17;-;817,89;817,89;718;2,8;3;1,19
"270920 TRAIPU";9;9;3990,60;2408,40;-;-;1582,20;-;-;443,40;443,40;9;1,0;-;-
"270930 UNIAO DOS PALMARES";309;309;406433,05;330578,35;-;-;75854,70;-;-;1315,32;1315,32;2196;7,1;28;9,06
"270940 VICOSA";19;19;8385,10;5985,47;-;-;2399,63;-;-;441,32;441,32;68;3,6;2;10,53
"280020 AQUIDABA";135;135;32836,95;27602,84;-;-;5234,11;-;-;243,24;243,24;269;2,0;-;-
"280030 ARACAJU";5602;5535;12235527,98;9591544,93;-;-;2643983,05;-;-;2184,14;2210,57;37101;6,7;252;4,55
"280120 CANINDE DE SAO FRANCISCO";7;7;3205,51;2484,54;-;-;720,97;-;-;457,93;457,93;19;2,7;-;-
"280130 CAPELA";326;326;191328,65;137586,96;-;-;53741,69;-;-;586,90;586,90;581;1,8;3;0,92
"280210 ESTANCIA";1084;1084;936740,88;525228,66;132621,72;-;208319,87;70570,63;-;864,15;864,15;4393;4,1;45;4,15
"280290 ITABAIANA";850;850;689476,44;538093,49;-;-;151382,95;-;-;811,15;811,15;3603;4,2;75;8,82
"280340 JAPOATA";89;89;39970,46;24848,28;-;-;15122,18;-;-;449,11;449,11;125;1,4;-;-
"280350 LAGARTO";1269;1269;1461794,11;885675,61;170664,00;-;311414,51;94039,99;-;1151,93;1151,93;4712;3,7;50;3,94
"280450 NOSSA SENHORA DA GLORIA";151;151;68287,62;49016,02;-;-;19271,60;-;-;452,24;452,24;551;3,6;21;13,91
"280480 NOSSA SENHORA DO SOCORRO";223;223;96954,61;76340,81;-;-;20613,80;-;-;434,77;434,77;1109;5,0;31;13,90
"280570 PROPRIA";194;194;109984,59;74996,79;-;-;34987,80;-;-;566,93;566,93;608;3,1;6;3,09
"280590 RIACHUELO";51;51;16529,78;14616,21;-;-;1913,57;-;-;324,11;324,11;160;3,1;-;-
"280670 SAO CRISTOVAO";60;60;29019,86;20866,97;2922,53;-;3849,78;1380,58;-;483,66;483,66;366;6,1;5;8,33
"280710 SIMAO DIAS";74;74;31877,69;28306,86;-;-;3570,83;-;-;430,78;430,78;389;5,3;4;5,41
"290020 ABARE";26;26;9686,43;7988,87;-;-;1697,56;-;-;372,55;372,55;136;5,2;-;-
"290035 ADUSTINA";30;30;12900,71;10966,31;-;-;1934,40;-;-;430,02;430,02;102;3,4;-;-
"290040 AGUA FRIA";13;13;5612,25;4236,08;-;-;1376,17;-;-;431,71;431,71;35;2,7;1;7,69
"290050 ERICO CARDOSO";10;10;2835,07;2467,23;-;-;367,84;-;-;283,51;283,51;57;5,7;-;-
"290070 ALAGOINHAS";872;872;801347,45;565930,66;53848,18;-;157975,05;23593,56;-;918,98;918,98;3556;4,1;86;9,86
"290080 ALCOBACA";99;99;49354,93;36490,72;-;-;12864,21;-;-;498,53;498,53;352;3,6;3;3,03
"290100 AMARGOSA";305;305;213210,57;100010,55;51521,82;-;38693,57;22984,63;-;699,05;699,05;1031;3,4;7;2,30
"290110 AMELIA RODRIGUES";20;20;8562,55;7408,89;-;-;1153,66;-;-;428,13;428,13;127;6,3;2;10,00
"290115 AMERICA DOURADA";49;49;21379,44;18060,64;-;-;3318,80;-;-;436,32;436,32;194;4,0;3;6,12
"290120 ANAGE";13;13;1224,22;1025,54;-;-;198,68;-;-;94,17;94,17;47;3,6;-;-
"290130 ANDARAI";35;35;15309,22;12789,96;-;-;2519,26;-;-;437,41;437,41;132;3,8;-;-
"290140 ANGICAL";29;29;3602,00;3022,99;-;-;579,01;-;-;124,21;124,21;116;4,0;-;-
"290150 ANGUERA";15;15;7651,92;6750,71;-;-;901,21;-;-;510,13;510,13;65;4,3;1;6,67
"290160 ANTAS";452;452;175721,41;123860,14;-;-;51861,27;-;-;388,76;388,76;733;1,6;2;0,44
"290200 ARACATU";21;21;6813,06;5486,66;-;-;1326,40;-;-;324,43;324,43;85;4,0;1;4,76
"290205 ARACAS";8;8;3448,29;3043,59;-;-;404,70;-;-;431,04;431,04;53;6,6;-;-
"290210 ARACI";84;84;36303,60;25196,25;-;-;11107,35;-;-;432,19;432,19;244;2,9;-;-
"290240 AURELINO LEAL";56;56;39219,40;34219,60;-;-;4999,80;-;-;700,35;700,35;228;4,1;-;-
"290250 BAIANOPOLIS";28;28;10470,80;8723,66;-;-;1747,14;-;-;373,96;373,96;91;3,3;-;-
"290260 BAIXA GRANDE";31;31;13443,61;11437,24;-;-;2006,37;-;-;433,66;433,66;100;3,2;5;16,13
"290270 BARRA";326;326;279394,09;225583,08;-;-;53811,01;-;-;857,04;857,04;1267;3,9;15;4,60
"290280 BARRA DA ESTIVA";223;223;159096,48;92276,16;28299,13;-;27709,74;10811,45;-;713,44;713,44;726;3,3;8;3,59
"290290 BARRA DO CHOCA";15;15;6272,62;5100,53;-;-;1172,09;-;-;418,17;418,17;45;3,0;-;-
"290300 BARRA DO MENDES";30;30;16300,67;13914,14;-;-;2386,53;-;-;543,36;543,36;103;3,4;-;-
"290320 BARREIRAS";1527;1527;1929098,74;1436888,71;30311,17;-;444155,77;17743,09;-;1263,33;1263,33;9152;6,0;78;5,11
"290323 BARRO ALTO";36;36;16354,28;14423,20;-;-;1931,08;-;-;454,29;454,29;95;2,6;1;2,78
"290327 BARROCAS";37;37;14174,43;11453,99;-;-;2720,44;-;-;383,09;383,09;138;3,7;3;8,11
"290330 BARRO PRETO";3;3;1617,32;1349,73;-;-;267,59;-;-;539,11;539,11;18;6,0;-;-
"290340 BELMONTE";76;76;40912,51;32668,29;-;-;8244,22;-;-;538,32;538,32;238;3,1;3;3,95
"290350 BELO CAMPO";57;57;18026,72;14502,35;-;-;3524,37;-;-;316,26;316,26;269;4,7;1;1,75
"290360 BIRITINGA";30;30;12434,04;9320,52;-;-;3113,52;-;-;414,47;414,47;132;4,4;1;3,33
"290390 BOM JESUS DA LAPA";454;454;447028,60;334857,99;17223,05;-;85093,47;9854,09;-;984,64;984,64;2005;4,4;22;4,85
"290395 BOM JESUS DA SERRA";43;43;16173,29;12765,21;-;-;3408,08;-;-;376,12;376,12;158;3,7;3;6,98
"290400 BONINAL";12;12;4786,80;4300,57;-;-;486,23;-;-;398,90;398,90;64;5,3;-;-
"290405 BONITO";26;26;15870,51;13411,11;-;-;2459,40;-;-;610,40;610,40;83;3,2;1;3,85
"290410 BOQUIRA";79;79;35638,69;26864,19;-;-;8774,50;-;-;451,12;451,12;283;3,6;6;7,59
"290420 BOTUPORA";16;16;6106,08;5112,96;-;-;993,12;-;-;381,63;381,63;62;3,9;-;-
"290430 BREJOES";24;24;9966,09;8042,33;-;-;1923,76;-;-;415,25;415,25;55;2,3;-;-
"290440 BREJOLANDIA";24;24;10729,60;9314,73;-;-;1414,87;-;-;447,07;447,07;51;2,1;-;-
"290450 BROTAS DE MACAUBAS";17;17;4803,58;3874,68;-;-;928,90;-;-;282,56;282,56;42;2,5;-;-
"290460 BRUMADO";345;345;394331,92;303612,19;12451,88;-;71562,25;6705,60;-;1142,99;1142,99;1311;3,8;26;7,54
"290475 BURITIRAMA";47;47;25540,64;22394,95;-;-;3145,69;-;-;543,42;543,42;141;3,0;-;-
"290480 CAATIBA";15;15;4986,12;4065,15;-;-;920,97;-;-;332,41;332,41;27;1,8;-;-
"290490 CACHOEIRA";164;164;127970,15;99514,94;-;-;28455,21;-;-;780,31;780,31;457;2,8;7;4,27
"290500 CACULE";91;91;39915,73;28997,20;-;-;10918,53;-;-;438,63;438,63;404;4,4;5;5,49
"290510 CAEM";65;65;39030,41;34731,69;-;-;4298,72;-;-;600,47;600,47;271;4,2;3;4,62
"290520 CAETITE";909;909;910615,19;671946,35;45836,83;-;167916,80;24915,21;-;1001,78;1001,78;3273;3,6;37;4,07
"290530 CAFARNAUM";66;66;37077,96;28662,87;-;-;8415,09;-;-;561,79;561,79;185;2,8;-;-
"290550 CALDEIRAO GRANDE";32;32;14383,66;12140,00;-;-;2243,66;-;-;449,49;449,49;100;3,1;1;3,13
"290560 CAMACAN";393;393;243065,94;132456,42;30986,57;-;63051,22;16571,73;-;618,49;618,49;1390;3,5;15;3,82
"290570 CAMACARI";964;964;667731,65;499589,71;-;-;168141,94;-;-;692,67;692,67;4212;4,4;17;1,76
"290580 CAMAMU";46;46;22111,82;17969,96;-;-;4141,86;-;-;480,69;480,69;204;4,4;4;8,70
"290590 CAMPO ALEGRE DE LOURDES";92;92;38684,43;30894,33;-;-;7790,10;-;-;420,48;420,48;214;2,3;-;-
"290600 CAMPO FORMOSO";466;466;464022,93;324761,06;26421,96;-;98937,03;13902,88;-;995,76;995,76;1335;2,9;22;4,72
"290610 CANAPOLIS";40;40;16299,98;12319,39;-;-;3980,59;-;-;407,50;407,50;88;2,2;-;-
"290620 CANARANA";40;40;17305,98;14118,05;-;-;3187,93;-;-;432,65;432,65;206;5,2;3;7,50
"290630 CANAVIEIRAS";72;72;36278,31;30598,54;-;-;5679,77;-;-;503,87;503,87;490;6,8;3;4,17
"290640 CANDEAL";2;2;592,02;538,79;-;-;53,23;-;-;296,01;296,01;4;2,0;1;50,00
"290650 CANDEIAS";181;181;443587,96;384900,71;-;-;58687,25;-;-;2450,76;2450,76;1450;8,0;27;14,92
"290660 CANDIBA";33;33;17765,53;12537,17;-;-;5228,36;-;-;538,35;538,35;94;2,8;2;6,06
"290670 CANDIDO SALES";24;24;9764,71;8292,60;-;-;1472,11;-;-;406,86;406,86;103;4,3;-;-
"290680 CANSANCAO";294;294;134190,30;94071,74;10699,48;-;23941,95;5477,13;-;456,43;456,43;943;3,2;7;2,38
"290682 CANUDOS";36;36;21201,18;17939,48;-;-;3261,70;-;-;588,92;588,92;128;3,6;-;-
"290685 CAPELA DO ALTO ALEGRE";9;9;3508,49;3183,07;-;-;325,42;-;-;389,83;389,83;44;4,9;-;-
"290687 CAPIM GROSSO";172;172;88529,51;64068,01;-;-;24461,50;-;-;514,71;514,71;403;2,3;3;1,74
"290690 CARAVELAS";80;80;51599,21;26701,33;8264,32;-;12030,72;4602,84;-;644,99;644,99;168;2,1;1;1,25
"290710 CARINHANHA";63;63;33085,93;22908,42;-;-;10177,51;-;-;525,17;525,17;192;3,0;6;9,52
"290720 CASA NOVA";89;89;40122,63;32278,43;-;-;7844,20;-;-;450,82;450,82;339;3,8;4;4,49
"290730 CASTRO ALVES";60;60;25523,22;18827,03;-;-;6696,19;-;-;425,39;425,39;160;2,7;6;10,00
"290750 CATU";638;638;469013,64;230056,13;91753,82;-;106517,09;40686,60;-;735,13;735,13;898;1,4;8;1,25
"290760 CENTRAL";31;31;14220,05;11437,16;-;-;2782,89;-;-;458,71;458,71;122;3,9;1;3,23
"290780 CICERO DANTAS";90;90;41887,50;31526,40;-;-;10361,10;-;-;465,42;465,42;326;3,6;10;11,11
"290790 CIPO";48;48;19294,30;16271,31;-;-;3022,99;-;-;401,96;401,96;221;4,6;6;12,50
"290800 COARACI";11;11;3144,66;2494,46;-;-;650,20;-;-;285,88;285,88;54;4,9;1;9,09
"290810 COCOS";119;119;80829,04;73624,32;-;-;7204,72;-;-;679,24;679,24;357;3,0;-;-
"290830 CONCEICAO DO ALMEIDA";29;29;13371,65;11898,24;-;-;1473,41;-;-;461,09;461,09;157;5,4;-;-
"290840 CONCEICAO DO COITE";754;754;424741,92;239981,39;55990,84;-;98555,04;30214,65;-;563,32;563,32;2154;2,9;14;1,86
"290850 CONCEICAO DO JACUIPE";26;26;9562,42;8091,60;-;-;1470,82;-;-;367,79;367,79;111;4,3;2;7,69
"290860 CONDE";12;12;3456,96;2757,29;-;-;699,67;-;-;288,08;288,08;35;2,9;1;8,33
"290870 CONDEUBA";53;53;17691,99;14686,96;-;-;3005,03;-;-;333,81;333,81;342;6,5;2;3,77
"290890 CORACAO DE MARIA";422;422;151554,47;98465,19;-;-;53089,28;-;-;359,13;359,13;492;1,2;-;-
"290900 CORDEIROS";62;62;18205,63;14705,17;-;-;3500,46;-;-;293,64;293,64;203;3,3;6;9,68
"290910 CORIBE";212;212;68820,08;57522,58;-;-;11297,50;-;-;324,62;324,62;643;3,0;-;-
"290930 CORRENTINA";191;191;97307,62;75192,56;-;-;22115,06;-;-;509,46;509,46;573;3,0;-;-
"290960 CRISOPOLIS";49;49;14452,18;11375,99;-;-;3076,19;-;-;294,94;294,94;188;3,8;6;12,24
"290970 CRISTOPOLIS";183;183;131899,86;108895,02;-;-;23004,84;-;-;720,76;720,76;580;3,2;-;-
"290980 CRUZ DAS ALMAS";466;466;252144,47;128179,65;40406,21;-;64681,29;18877,32;-;541,08;541,08;621;1,3;-;-
"290990 CURACA";65;65;24588,44;19297,74;-;-;5290,70;-;-;378,28;378,28;193;3,0;4;6,15
"291005 DIAS D'AVILA";94;94;49860,29;35834,15;-;-;14026,14;-;-;530,43;530,43;300;3,2;2;2,13
"291010 DOM BASILIO";18;18;5818,15;4349,63;-;-;1468,52;-;-;323,23;323,23;43;2,4;-;-
"291030 ELISIO MEDRADO";26;26;11129,83;9684,73;-;-;1445,10;-;-;428,07;428,07;71;2,7;-;-
"291040 ENCRUZILHADA";50;50;23119,59;19869,03;-;-;3250,56;-;-;462,39;462,39;218;4,4;2;4,00
"291050 ENTRE RIOS";44;44;15359,92;11839,44;-;-;3520,48;-;-;349,09;349,09;191;4,3;1;2,27
"291060 ESPLANADA";181;181;78526,47;56265,61;-;-;22260,86;-;-;433,85;433,85;568;3,1;5;2,76
"291070 EUCLIDES DA CUNHA";449;449;319439,92;180372,42;51419,04;-;66139,46;21509,00;-;711,45;711,45;1595;3,6;14;3,12
"291072 EUNAPOLIS";315;315;389995,30;317292,05;-;-;72703,25;-;-;1238,08;1238,08;1344;4,3;22;6,98
"291080 FEIRA DE SANTANA";4268;4244;7614673,81;5877946,84;117286,53;-;1567901,55;51538,89;-;1784,13;1794,22;22653;5,3;227;5,35
"291085 FILADELFIA";84;84;38273,36;26912,76;-;-;11360,60;-;-;455,64;455,64;190;2,3;-;-
"291110 FORMOSA DO RIO PRETO";83;83;42895,82;28140,12;-;-;14755,70;-;-;516,82;516,82;108;1,3;-;-
"291120 GANDU";157;157;62505,13;45867,06;-;-;16638,07;-;-;398,12;398,12;354;2,3;1;0,64
"291150 GONGOGI";16;16;6559,28;5736,83;-;-;822,45;-;-;409,95;409,95;98;6,1;-;-
"291170 GUANAMBI";1032;1032;863123,56;676097,51;-;-;187026,05;-;-;836,36;836,36;4973;4,8;26;2,52
"291180 GUARATINGA";31;31;15732,17;12102,57;-;-;3629,60;-;-;507,49;507,49;76;2,5;2;6,45
"291190 IACU";56;56;21529,21;16982,68;-;-;4546,53;-;-;384,45;384,45;282;5,0;3;5,36
"291200 IBIASSUCE";96;96;30127,94;21767,30;-;-;8360,64;-;-;313,83;313,83;313;3,3;3;3,13
"291210 IBICARAI";21;21;6994,62;5824,77;-;-;1169,85;-;-;333,08;333,08;229;10,9;2;9,52
"291230 IBICUI";6;6;3101,46;2339,01;-;-;762,45;-;-;516,91;516,91;22;3,7;-;-
"291240 IBIPEBA";15;15;5622,24;4407,57;-;-;1214,67;-;-;374,82;374,82;51;3,4;1;6,67
"291250 IBIPITANGA";28;28;10145,55;8584,30;-;-;1561,25;-;-;362,34;362,34;113;4,0;2;7,14
"291270 IBIRAPITANGA";103;103;44037,43;38417,33;-;-;5620,10;-;-;427,55;427,55;325;3,2;-;-
"291280 IBIRAPUA";23;23;11154,22;8767,37;-;-;2386,85;-;-;484,97;484,97;86;3,7;4;17,39
"291290 IBIRATAIA";155;155;66353,00;51693,30;3646,30;-;9113,15;1900,25;-;428,08;428,08;471;3,0;3;1,94
"291300 IBITIARA";100;100;16256,60;14012,38;-;-;2244,22;-;-;162,57;162,57;173;1,7;1;1,00
"291310 IBITITA";51;51;33775,41;23965,44;-;-;9809,97;-;-;662,26;662,26;103;2,0;-;-
"291320 IBOTIRAMA";300;300;151627,07;96759,38;6099,85;-;45557,84;3210,00;-;505,42;505,42;735;2,5;4;1,33
"291340 IGAPORA";82;82;41408,05;30991,35;-;-;10416,70;-;-;504,98;504,98;195;2,4;2;2,44
"291345 IGRAPIUNA";11;11;3902,71;3296,75;-;-;605,96;-;-;354,79;354,79;41;3,7;-;-
"291350 IGUAI";306;306;157736,38;133833,47;-;-;23902,91;-;-;515,48;515,48;879;2,9;4;1,31
"291360 ILHEUS";2026;2026;1808766,09;1449358,43;-;-;359407,66;-;-;892,78;892,78;8930;4,4;109;5,38
"291370 INHAMBUPE";30;30;13698,13;10668,10;-;-;3030,03;-;-;456,60;456,60;145;4,8;2;6,67
"291380 IPECAETA";10;10;4197,70;3617,12;-;-;580,58;-;-;419,77;419,77;43;4,3;1;10,00
"291390 IPIAU";187;187;103202,81;68342,16;-;-;34860,65;-;-;551,89;551,89;249;1,3;-;-
"291400 IPIRA";70;70;26121,51;19052,09;-;-;7069,42;-;-;373,16;373,16;113;1,6;-;-
"291410 IPUPIARA";17;17;6688,48;5427,19;-;-;1261,29;-;-;393,44;393,44;79;4,6;1;5,88
"291420 IRAJUBA";56;56;23333,43;20828,95;-;-;2504,48;-;-;416,67;416,67;214;3,8;2;3,57
"291430 IRAMAIA";95;95;42873,22;38536,34;-;-;4336,88;-;-;451,30;451,30;293;3,1;-;-
"291440 IRAQUARA";290;290;148870,74;129619,55;-;-;19251,19;-;-;513,35;513,35;572;2,0;1;0,34
"291450 IRARA";54;54;18997,58;15687,16;-;-;3310,42;-;-;351,81;351,81;154;2,9;3;5,56
"291460 IRECE";963;963;882546,00;573072,05;89152,16;-;180150,28;40171,51;-;916,45;916,45;3036;3,2;48;4,98
"291465 ITABELA";147;147;66541,48;41981,43;1556,88;3258,17;15645,88;840,95;3258,17;452,66;452,66;319;2,2;7;4,76
"291470 ITABERABA";954;954;1077156,65;633578,51;149865,33;-;206911,21;86801,60;-;1129,10;1129,10;3021;3,2;45;4,72
"291480 ITABUNA";2272;2272;3905995,37;2846213,59;77328,92;-;942269,20;40183,66;-;1719,19;1719,19;10685;4,7;134;5,90
"291490 ITACARE";100;100;38518,88;32206,06;-;-;6312,82;-;-;385,19;385,19;212;2,1;-;-
"291500 ITAETE";20;20;8819,80;7012,89;-;-;1806,91;-;-;440,99;440,99;44;2,2;1;5,00
"291510 ITAGI";21;21;8949,65;7910,77;-;-;1038,88;-;-;426,17;426,17;74;3,5;1;4,76
"291535 ITAGUACU DA BAHIA";28;28;12441,64;9737,85;-;-;2703,79;-;-;444,34;444,34;58;2,1;-;-
"291540 ITAJU DO COLONIA";11;11;4180,49;3599,77;-;-;580,72;-;-;380,04;380,04;26;2,4;1;9,09
"291550 ITAJUIPE";147;147;113824,05;103596,96;-;-;10227,09;-;-;774,31;774,31;503;3,4;-;-
"291560 ITAMARAJU";331;331;164312,12;114388,43;-;-;49923,69;-;-;496,41;496,41;901;2,7;20;6,04
"291580 ITAMBE";135;135;37974,70;30645,00;-;-;7329,70;-;-;281,29;281,29;487;3,6;4;2,96
"291600 ITANHEM";50;50;26721,49;22400,01;-;-;4321,48;-;-;534,43;534,43;156;3,1;5;10,00
"291610 ITAPARICA";539;539;237199,00;161272,76;-;-;75926,24;-;-;440,07;440,07;1377;2,6;7;1,30
"291640 ITAPETINGA";306;306;398058,48;283941,43;27926,18;-;71472,46;14718,41;-;1300,84;1300,84;1054;3,4;33;10,78
"291650 ITAPICURU";83;83;26345,29;22041,71;-;-;4303,58;-;-;317,41;317,41;325;3,9;2;2,41
"291660 ITAPITANGA";2;2;633,77;529,55;-;-;104,22;-;-;316,88;316,88;21;10,5;1;50,00
"291670 ITAQUARA";43;43;19542,69;16916,58;-;-;2626,11;-;-;454,48;454,48;155;3,6;1;2,33
"291680 ITARANTIM";62;62;29579,33;24690,80;-;-;4888,53;-;-;477,09;477,09;219;3,5;2;3,23
"291685 ITATIM";16;16;6370,50;5582,51;-;-;787,99;-;-;398,16;398,16;44;2,8;2;12,50
"291690 ITIRUCU";155;155;71295,22;60018,48;-;-;11276,74;-;-;459,97;459,97;358;2,3;2;1,29
"291700 ITIUBA";47;47;20379,70;14593,07;-;-;5786,63;-;-;433,61;433,61;101;2,1;3;6,38
"291710 ITORORO";301;301;116268,33;89507,77;-;-;26760,56;-;-;386,27;386,27;651;2,2;-;-
"291720 ITUACU";15;15;6692,31;5561,63;-;-;1130,68;-;-;446,15;446,15;50;3,3;3;20,00
"291730 ITUBERA";54;54;26645,95;20426,33;-;-;6219,62;-;-;493,44;493,44;255;4,7;4;7,41
"291733 IUIU";28;28;12066,83;9673,49;-;-;2393,34;-;-;430,96;430,96;73;2,6;-;-
"291735 JABORANDI";69;69;35449,21;25733,21;-;-;9716,00;-;-;513,76;513,76;192;2,8;-;-
"291740 JACARACI";39;39;17329,69;14470,13;-;-;2859,56;-;-;444,35;444,35;163;4,2;4;10,26
"291750 JACOBINA";211;211;183625,81;146314,38;-;-;37311,43;-;-;870,26;870,26;927;4,4;18;8,53
"291760 JAGUAQUARA";124;124;31367,86;22243,86;-;-;9124,00;-;-;252,97;252,97;233;1,9;-;-
"291770 JAGUARARI";67;67;33276,86;25098,60;-;-;8178,26;-;-;496,67;496,67;231;3,4;1;1,49
"291800 JEQUIE";1904;1904;2474477,96;1819619,27;141636,73;-;437081,86;76140,10;-;1299,62;1299,62;10878;5,7;110;5,78
"291810 JEREMOABO";76;76;32601,42;26124,79;-;-;6476,63;-;-;428,97;428,97;474;6,2;6;7,89
"291820 JIQUIRICA";44;44;16069,01;14149,45;-;-;1919,56;-;-;365,20;365,20;125;2,8;2;4,55
"291830 JITAUNA";25;25;9772,69;8466,00;-;-;1306,69;-;-;390,91;390,91;90;3,6;1;4,00
"291835 JOAO DOURADO";23;23;8966,72;7324,21;-;-;1642,51;-;-;389,86;389,86;83;3,6;3;13,04
"291840 JUAZEIRO";1860;1684;2292938,71;1855170,62;-;-;437768,09;-;-;1232,76;1361,60;13336;7,9;62;3,68
"291850 JUSSARA";38;38;21782,40;19607,22;-;-;2175,18;-;-;573,22;573,22;111;2,9;-;-
"291860 JUSSIAPE";16;16;6413,28;5569,70;-;-;843,58;-;-;400,83;400,83;82;5,1;3;18,75
"291880 LAJE";26;26;9345,63;7911,56;-;-;1434,07;-;-;359,45;359,45;184;7,1;-;-
"291905 LAJEDO DO TABOCAL";39;39;17257,66;15407,83;-;-;1849,83;-;-;442,50;442,50;125;3,2;-;-
"291915 LAPAO";89;89;42690,23;37080,18;-;-;5610,05;-;-;479,67;479,67;477;5,4;-;-
"291920 LAURO DE FREITAS";704;704;926160,73;770751,23;-;-;155409,50;-;-;1315,57;1315,57;5863;8,3;49;6,96
"291930 LENCOIS";7;7;2919,85;2202,54;-;-;717,31;-;-;417,12;417,12;22;3,1;-;-
"291940 LICINIO DE ALMEIDA";34;34;10235,03;8570,75;-;-;1664,28;-;-;301,03;301,03;147;4,3;1;2,94
"291950 LIVRAMENTO DE NOSSA SENHORA";233;233;100763,32;76794,27;-;-;23969,05;-;-;432,46;432,46;928;4,0;9;3,86
"291955 LUIS EDUARDO MAGALHAES";432;432;197121,41;125021,08;-;-;72100,33;-;-;456,30;456,30;808;1,9;-;-
"291960 MACAJUBA";25;25;10436,19;8849,72;-;-;1586,47;-;-;417,45;417,45;101;4,0;1;4,00
"291970 MACARANI";113;113;79462,52;72162,03;-;-;7300,49;-;-;703,21;703,21;415;3,7;2;1,77
"291980 MACAUBAS";195;195;90424,82;67909,14;-;-;22515,68;-;-;463,72;463,72;784;4,0;6;3,08
"291992 MADRE DE DEUS";63;63;23450,87;17898,65;-;-;5552,22;-;-;372,24;372,24;211;3,3;3;4,76
"292000 MAIQUINIQUE";22;22;14435,80;13098,71;-;-;1337,09;-;-;656,17;656,17;63;2,9;1;4,55
"292010 MAIRI";93;93;35663,98;29023,91;-;-;6640,07;-;-;383,48;383,48;302;3,2;4;4,30
"292020 MALHADA";31;31;12472,03;8165,89;-;-;4306,14;-;-;402,32;402,32;109;3,5;1;3,23
"292050 MARACAS";105;105;41089,85;35652,17;-;-;5437,68;-;-;391,33;391,33;541;5,2;3;2,86
"292080 MARCIONILIO SOUZA";20;20;6063,41;4963,64;-;-;1099,77;-;-;303,17;303,17;65;3,3;-;-
"292100 MATA DE SAO JOAO";180;180;77818,98;56099,14;-;-;21719,84;-;-;432,33;432,33;660;3,7;4;2,22
"292105 MATINA";14;14;9215,06;8082,04;-;-;1133,02;-;-;658,22;658,22;90;6,4;-;-
"292110 MEDEIROS NETO";86;86;51940,63;32707,30;4588,18;-;11401,30;3243,85;-;603,96;603,96;408;4,7;9;10,47
"292120 MIGUEL CALMON";458;458;426153,41;188804,59;105961,94;-;83586,96;47799,92;-;930,47;930,47;1139;2,5;5;1,09
"292130 MILAGRES";19;19;7165,46;5820,17;-;-;1345,29;-;-;377,13;377,13;101;5,3;-;-
"292150 MONTE SANTO";288;288;160953,46;111926,96;12976,37;-;29156,77;6893,36;-;558,87;558,87;1367;4,7;9;3,13
"292170 MORRO DO CHAPEU";145;145;73647,12;54442,01;-;-;19205,11;-;-;507,91;507,91;422;2,9;4;2,76
"292180 MORTUGABA";37;37;10560,67;8838,36;-;-;1722,31;-;-;285,42;285,42;136;3,7;3;8,11
"292190 MUCUGE";27;27;11474,40;8605,94;-;-;2868,46;-;-;424,98;424,98;61;2,3;-;-
"292200 MUCURI";120;120;67233,88;45898,08;-;-;21335,80;-;-;560,28;560,28;266;2,2;5;4,17
"292205 MULUNGU DO MORRO";21;21;9825,21;8730,77;-;-;1094,44;-;-;467,87;467,87;91;4,3;-;-
"292210 MUNDO NOVO";46;46;12498,66;9708,47;-;-;2790,19;-;-;271,71;271,71;133;2,9;3;6,52
"292230 MURITIBA";83;83;64042,80;53365,68;-;-;10677,12;-;-;771,60;771,60;-;-;-;-
"292240 MUTUIPE";119;119;35873,95;26073,16;-;-;9800,79;-;-;301,46;301,46;252;2,1;2;1,68
"292250 NAZARE";616;616;375448,17;194792,23;73959,91;-;72753,93;33942,10;-;609,49;609,49;983;1,6;4;0,65
"292265 NORDESTINA";22;22;2569,56;1670,52;-;-;899,04;-;-;116,80;116,80;64;2,9;2;9,09
"292270 NOVA CANAA";143;143;89991,43;80027,78;-;-;9963,65;-;-;629,31;629,31;433;3,0;-;-
"292273 NOVA FATIMA";18;18;7981,59;7024,49;-;-;957,10;-;-;443,42;443,42;100;5,6;1;5,56
"292290 NOVA SOURE";13;13;6122,82;5231,78;-;-;891,04;-;-;470,99;470,99;34;2,6;1;7,69
"292300 NOVA VICOSA";95;95;56267,95;33616,20;7464,60;-;12727,25;2459,90;-;592,29;592,29;224;2,4;2;2,11
"292310 OLINDINA";40;40;16746,32;14045,33;-;-;2700,99;-;-;418,66;418,66;170;4,3;2;5,00
"292320 OLIVEIRA DOS BREJINHOS";63;63;26292,57;21908,17;-;-;4384,40;-;-;417,34;417,34;312;5,0;3;4,76
"292330 OURICANGAS";16;16;7176,79;6404,80;-;-;771,99;-;-;448,55;448,55;52;3,3;1;6,25
"292335 OUROLANDIA";28;28;9506,13;7325,28;-;-;2180,85;-;-;339,50;339,50;79;2,8;2;7,14
"292340 PALMAS DE MONTE ALTO";44;44;13032,40;10597,74;-;-;2434,66;-;-;296,19;296,19;296;6,7;2;4,55
"292360 PARAMIRIM";188;188;139959,21;67600,88;28758,31;-;28209,46;15390,56;-;744,46;744,46;437;2,3;6;3,19
"292370 PARATINGA";170;170;72786,56;62177,90;-;-;10608,66;-;-;428,16;428,16;412;2,4;-;-
"292380 PARIPIRANGA";20;20;9484,34;8118,23;-;-;1366,11;-;-;474,22;474,22;67;3,4;2;10,00
"292390 PAU BRASIL";19;19;7504,94;5559,61;-;-;1945,33;-;-;395,00;395,00;53;2,8;-;-
"292400 PAULO AFONSO";595;595;433697,32;329900,67;-;-;103796,65;-;-;728,90;728,90;2716;4,6;22;3,70
"292405 PE DE SERRA";13;13;5723,95;5058,37;-;-;665,58;-;-;440,30;440,30;63;4,8;1;7,69
"292430 PIATA";22;22;8367,71;5646,26;-;-;2721,45;-;-;380,35;380,35;72;3,3;-;-
"292450 PINDAI";57;57;29515,76;21771,08;-;-;7744,68;-;-;517,82;517,82;388;6,8;-;-
"292460 PINDOBACU";122;122;67843,64;50137,27;-;-;17706,37;-;-;556,10;556,10;284;2,3;6;4,92
"292465 PINTADAS";22;22;10161,00;8490,41;-;-;1670,59;-;-;461,86;461,86;83;3,8;1;4,55
"292470 PIRIPA";27;27;8827,75;7271,97;-;-;1555,78;-;-;326,95;326,95;133;4,9;4;14,81
"292480 PIRITIBA";7;7;1582,58;1401,09;-;-;181,49;-;-;226,08;226,08;38;5,4;-;-
"292490 PLANALTINO";38;38;29266,73;26736,95;-;-;2529,78;-;-;770,18;770,18;114;3,0;-;-
"292500 PLANALTO";40;40;15047,10;11421,16;-;-;3625,94;-;-;376,18;376,18;110;2,8;-;-
"292510 POCOES";330;330;232280,74;110483,94;52528,31;-;47435,51;21832,98;-;703,88;703,88;638;1,9;10;3,03
"292520 POJUCA";127;127;45150,65;34312,99;-;-;10837,66;-;-;355,52;355,52;394;3,1;2;1,57
"292525 PONTO NOVO";48;48;27263,14;19510,88;-;-;7752,26;-;-;567,98;567,98;111;2,3;-;-
"292530 PORTO SEGURO";887;887;842430,24;643666,09;-;1256,77;184344,14;-;13163,24;949,75;949,75;4047;4,6;49;5,52
"292540 POTIRAGUA";10;10;3877,59;3076,89;-;-;800,70;-;-;387,76;387,76;42;4,2;-;-
"292550 PRADO";38;38;21983,60;14516,74;-;-;7466,86;-;-;578,52;578,52;126;3,3;2;5,26
"292560 PRESIDENTE DUTRA";26;26;14133,64;12307,01;-;-;1826,63;-;-;543,60;543,60;117;4,5;-;-
"292575 PRESIDENTE TANCREDO NEVES";38;38;16652,07;13357,45;-;-;3294,62;-;-;438,21;438,21;137;3,6;2;5,26
"292580 QUEIMADAS";28;28;9836,33;8597,16;-;-;1239,17;-;-;351,30;351,30;117;4,2;-;-
"292590 QUIJINGUE";48;48;18170,98;14300,68;-;-;3870,30;-;-;378,56;378,56;193;4,0;-;-
"292595 RAFAEL JAMBEIRO";22;22;8661,44;7136,85;-;-;1524,59;-;-;393,70;393,70;73;3,3;4;18,18
"292600 REMANSO";125;125;338931,56;206453,27;50722,76;-;54263,66;27491,87;-;2711,45;2711,45;381;3,0;13;10,40
"292610 RETIROLANDIA";37;37;19173,06;13636,25;-;-;5536,81;-;-;518,19;518,19;77;2,1;-;-
"292620 RIACHAO DAS NEVES";22;22;8320,23;7187,62;-;-;1132,61;-;-;378,19;378,19;66;3,0;-;-
"292630 RIACHAO DO JACUIPE";137;137;69280,89;53549,85;-;-;15731,04;-;-;505,70;505,70;449;3,3;4;2,92
"292640 RIACHO DE SANTANA";4;4;1947,84;1298,77;-;-;649,07;-;-;486,96;486,96;11;2,8;-;-
"292650 RIBEIRA DO AMPARO";11;11;4262,36;3557,58;-;-;704,78;-;-;387,49;387,49;68;6,2;-;-
"292660 RIBEIRA DO POMBAL";680;680;581018,94;459354,55;-;-;121664,39;-;-;854,44;854,44;2894;4,3;34;5,00
"292670 RIO DE CONTAS";38;38;13565,91;10977,91;-;-;2588,00;-;-;357,00;357,00;107;2,8;3;7,89
"292690 RIO DO PIRES";42;42;13440,00;11478,55;-;-;1961,45;-;-;320,00;320,00;92;2,2;2;4,76
"292700 RIO REAL";91;91;35626,92;28225,74;-;-;7401,18;-;-;391,50;391,50;470;5,2;1;1,10
"292720 RUY BARBOSA";655;655;390661,50;209510,51;67142,77;-;83150,46;30857,76;-;596,43;596,43;894;1,4;7;1,07
"292730 SALINAS DA MARGARIDA";6;6;1226,40;927,07;-;-;299,33;-;-;204,40;204,40;7;1,2;-;-
"292740 SALVADOR";22430;22177;51882792,31;40919924,97;309638,08;-;10537534,37;115694,89;-;2313,10;2339,49;142717;6,4;742;3,35
"292750 SANTA BARBARA";25;25;10300,75;8946,42;-;-;1354,33;-;-;412,03;412,03;50;2,0;1;4,00
"292770 SANTA CRUZ CABRALIA";1;1;582,42;504,07;-;-;78,35;-;-;582,42;582,42;3;3,0;-;-
"292790 SANTA INES";59;59;30567,08;19230,03;4388,14;-;4835,25;2113,66;-;518,09;518,09;174;2,9;1;1,69
"292800 SANTALUZ";165;165;70315,50;56423,98;-;-;13891,52;-;-;426,15;426,15;940;5,7;4;2,42
"292810 SANTA MARIA DA VITORIA";137;137;56481,32;42983,06;-;-;13498,26;-;-;412,27;412,27;413;3,0;11;8,03
"292820 SANTANA";92;92;38848,47;32064,44;-;-;6784,03;-;-;422,27;422,27;329;3,6;4;4,35
"292830 SANTANOPOLIS";4;4;2097,60;1856,43;-;-;241,17;-;-;524,40;524,40;14;3,5;-;-
"292840 SANTA RITA DE CASSIA";112;112;49625,95;40249,17;-;-;9376,78;-;-;443,09;443,09;652;5,8;9;8,04
"292850 SANTA TERESINHA";26;26;9788,03;8477,97;-;-;1310,06;-;-;376,46;376,46;123;4,7;3;11,54
"292860 SANTO AMARO";57;57;18809,38;15107,45;-;-;3701,93;-;-;329,99;329,99;331;5,8;2;3,51
"292870 SANTO ANTONIO DE JESUS";1700;1700;1887013,42;1393589,97;38803,39;-;432320,46;22299,60;-;1110,01;1110,01;5379;3,2;64;3,76
"292880 SANTO ESTEVAO";82;82;35551,04;30108,85;-;-;5442,19;-;-;433,55;433,55;822;10,0;14;17,07
"292890 SAO DESIDERIO";120;120;57561,37;41566,07;-;-;15995,30;-;-;479,68;479,68;367;3,1;-;-
"292895 SAO DOMINGOS";24;24;11443,84;9887,03;-;-;1556,81;-;-;476,83;476,83;135;5,6;-;-
"292900 SAO FELIX";374;374;387606,57;270038,49;25498,41;-;77018,23;15051,44;-;1036,38;1036,38;786;2,1;16;4,28
"292905 SAO FELIX DO CORIBE";55;55;23027,64;17211,24;-;-;5816,40;-;-;418,68;418,68;98;1,8;1;1,82
"292910 SAO FELIPE";21;21;9415,16;8086,96;-;-;1328,20;-;-;448,34;448,34;96;4,6;4;19,05
"292925 SAO GABRIEL";40;40;17892,22;14922,29;-;-;2969,93;-;-;447,31;447,31;243;6,1;-;-
"292930 SAO GONCALO DOS CAMPOS";30;30;19598,74;12659,19;-;-;6939,55;-;-;653,29;653,29;32;1,1;2;6,67
"292940 SAO MIGUEL DAS MATAS";150;150;100781,87;91637,95;-;-;9143,92;-;-;671,88;671,88;346;2,3;-;-
"292950 SAO SEBASTIAO DO PASSE";61;61;21917,79;18078,36;-;-;3839,43;-;-;359,31;359,31;331;5,4;5;8,20
"292960 SAPEACU";46;46;23367,79;18313,67;-;-;5054,12;-;-;508,00;508,00;98;2,1;2;4,35
"292970 SATIRO DIAS";61;61;20790,11;17097,31;-;-;3692,80;-;-;340,82;340,82;297;4,9;2;3,28
"292980 SAUDE";16;16;9112,27;6723,51;-;-;2388,76;-;-;569,52;569,52;71;4,4;-;-
"292990 SEABRA";808;808;554900,85;411419,29;-;-;143481,56;-;-;686,76;686,76;2866;3,5;38;4,70
"293000 SEBASTIAO LARANJEIRAS";7;7;2375,24;2096,97;-;-;278,27;-;-;339,32;339,32;18;2,6;1;14,29
"293010 SENHOR DO BONFIM";459;459;432056,30;320090,70;15184,75;-;88405,57;8375,28;-;941,30;941,30;1682;3,7;19;4,14
"293015 SERRA DO RAMALHO";98;98;46123,90;33698,59;-;-;12425,31;-;-;470,65;470,65;324;3,3;2;2,04
"293020 SENTO SE";40;40;19943,34;15507,89;-;-;4435,45;-;-;498,58;498,58;125;3,1;2;5,00
"293030 SERRA DOURADA";55;55;23413,67;17249,94;-;-;6163,73;-;-;425,70;425,70;101;1,8;-;-
"293040 SERRA PRETA";13;13;4144,84;3618,47;-;-;526,37;-;-;318,83;318,83;23;1,8;3;23,08
"293050 SERRINHA";185;185;71016,44;55510,29;-;-;15506,15;-;-;383,87;383,87;977;5,3;18;9,73
"293060 SERROLANDIA";26;26;11089,72;8731,22;-;-;2358,50;-;-;426,53;426,53;147;5,7;2;7,69
"293070 SIMOES FILHO";261;261;118970,70;85101,36;-;-;33869,34;-;-;455,83;455,83;1127;4,3;9;3,45
"293075 SITIO DO MATO";32;32;11350,21;9411,03;-;-;1939,18;-;-;354,69;354,69;65;2,0;-;-
"293077 SOBRADINHO";30;30;12814,68;9204,88;-;-;3609,80;-;-;427,16;427,16;82;2,7;3;10,00
"293080 SOUTO SOARES";21;21;9901,54;8680,08;-;-;1221,46;-;-;471,50;471,50;90;4,3;1;4,76
"293090 TABOCAS DO BREJO VELHO";38;38;13504,33;10886,25;-;-;2618,08;-;-;355,38;355,38;148;3,9;1;2,63
"293100 TANHACU";20;20;6384,15;5501,15;-;-;883,00;-;-;319,21;319,21;120;6,0;-;-
"293105 TANQUE NOVO";52;52;19596,75;16814,60;-;-;2782,15;-;-;376,86;376,86;143;2,8;2;3,85
"293110 TANQUINHO";7;7;3367,12;2908,18;-;-;458,94;-;-;481,02;481,02;45;6,4;-;-
"293120 TAPEROA";86;86;35775,52;32004,27;-;-;3771,25;-;-;415,99;415,99;219;2,5;-;-
"293130 TAPIRAMUTA";56;56;21508,52;18051,09;-;-;3457,43;-;-;384,08;384,08;206;3,7;-;-
"293135 TEIXEIRA DE FREITAS";1072;1072;1548885,78;1054567,57;119046,68;-;321045,30;54226,23;-;1444,86;1444,86;3521;3,3;31;2,89
"293150 TEOFILANDIA";14;14;7480,01;5341,77;-;-;2138,24;-;-;534,29;534,29;81;5,8;-;-
"293160 TEOLANDIA";26;26;13757,19;12120,26;-;-;1636,93;-;-;529,12;529,12;74;2,8;-;-
"293180 TREMEDAL";25;25;6078,07;4454,80;-;-;1623,27;-;-;243,12;243,12;60;2,4;1;4,00
"293190 TUCANO";97;97;43643,19;34384,28;-;-;9258,91;-;-;449,93;449,93;464;4,8;-;-
"293200 UAUA";74;74;30900,09;26632,48;-;-;4267,61;-;-;417,57;417,57;381;5,1;3;4,05
"293210 UBAIRA";149;149;48576,23;36845,39;-;-;11730,84;-;-;326,01;326,01;338;2,3;4;2,68
"293220 UBAITABA";239;239;217176,04;117292,49;45869,81;-;30559,54;23454,20;-;908,69;908,69;405;1,7;2;0,84
"293240 UIBAI";22;22;9985,83;8428,33;-;-;1557,50;-;-;453,90;453,90;90;4,1;-;-
"293250 UNA";51;51;28719,23;25253,41;-;-;3465,82;-;-;563,12;563,12;229;4,5;1;1,96
"293260 URANDI";75;75;35210,33;26692,29;-;-;8518,04;-;-;469,47;469,47;281;3,7;3;4,00
"293280 UTINGA";41;41;13996,40;11772,81;-;-;2223,59;-;-;341,38;341,38;136;3,3;2;4,88
"293290 VALENCA";893;893;601273,72;341641,75;84070,84;-;135791,05;39770,08;-;673,32;673,32;2009;2,2;18;2,02
"293300 VALENTE";87;87;44187,43;38690,58;-;-;5496,85;-;-;507,90;507,90;194;2,2;-;-
"293305 VARZEA DA ROCA";20;20;8019,24;6752,41;-;-;1266,83;-;-;400,96;400,96;81;4,0;-;-
"293315 VARZEA NOVA";93;93;79690,90;72160,62;-;-;7530,28;-;-;856,89;856,89;295;3,2;2;2,15
"293325 VEREDA";15;15;6590,63;5479,14;-;-;1111,49;-;-;439,38;439,38;50;3,3;3;20,00
"293330 VITORIA DA CONQUISTA";2953;2953;4917165,00;3656907,43;33897,78;-;1208244,19;18115,60;-;1665,14;1665,14;15053;5,1;148;5,01
"293340 WAGNER";107;107;71080,41;57754,98;3698,94;-;8623,59;1002,90;-;664,30;664,30;257;2,4;1;0,93
"293345 WANDERLEY";144;144;99647,57;90692,48;-;-;8955,09;-;-;692,00;692,00;462;3,2;-;-
"293350 WENCESLAU GUIMARAES";25;25;11357,00;9540,37;-;-;1816,63;-;-;454,28;454,28;85;3,4;3;12,00
"293360 XIQUE-XIQUE";207;207;90613,75;70369,69;-;-;20244,06;-;-;437,75;437,75;984;4,8;7;3,38
"310020 ABAETE";109;109;57654,38;42433,10;-;-;15221,28;-;-;528,94;528,94;352;3,2;7;6,42
"310030 ABRE CAMPO";173;173;79616,25;54059,86;-;-;25556,39;-;-;460,21;460,21;396;2,3;2;1,16
"310060 AGUA BOA";16;16;9970,73;8915,07;-;-;1055,66;-;-;623,17;623,17;72;4,5;-;-
"310090 AGUAS FORMOSAS";179;179;88736,88;71651,91;-;-;17084,97;-;-;495,74;495,74;648;3,6;9;5,03
"310100 AGUAS VERMELHAS";45;45;18012,58;15491,76;-;-;2520,82;-;-;400,28;400,28;188;4,2;1;2,22
"310110 AIMORES";189;189;72631,36;57757,59;-;-;14873,77;-;-;384,29;384,29;656;3,5;9;4,76
"310120 AIURUOCA";159;159;102088,83;79392,33;-;-;22696,50;-;-;642,07;642,07;691;4,3;10;6,29
"310130 ALAGOA";7;7;2138,98;1928,36;-;-;210,62;-;-;305,57;305,57;15;2,1;2;28,57
"310150 ALEM PARAIBA";223;223;211195,78;177244,65;-;-;33951,13;-;-;947,07;947,07;897;4,0;12;5,38
"310160 ALFENAS";1286;1286;2581716,17;2014748,20;26367,63;-;530880,94;9719,40;-;2007,56;2007,56;5193;4,0;60;4,67
"310170 ALMENARA";518;518;424253,86;343451,48;427,52;-;80164,41;210,45;-;819,02;819,02;2280;4,4;29;5,60
"310190 ALPINOPOLIS";136;136;91394,10;59536,54;11961,02;-;15604,94;4291,60;-;672,02;672,02;392;2,9;2;1,47
"310200 ALTEROSA";75;75;35374,49;28227,58;-;-;7146,91;-;-;471,66;471,66;209;2,8;3;4,00
"310210 ALTO RIO DOCE";22;22;11262,90;10199,57;-;-;1063,33;-;-;511,95;511,95;110;5,0;-;-
"310230 ALVINOPOLIS";47;47;24799,25;15775,54;1963,50;-;6084,43;975,78;-;527,64;527,64;114;2,4;-;-
"310260 ANDRADAS";219;219;167495,21;111979,03;11001,57;-;39312,80;5201,81;-;764,82;764,82;560;2,6;4;1,83
"310270 CACHOEIRA DE PAJEU";34;34;13080,22;11425,00;-;-;1655,22;-;-;384,71;384,71;138;4,1;3;8,82
"310280 ANDRELANDIA";55;55;30813,97;25120,17;-;-;5693,80;-;-;560,25;560,25;220;4,0;2;3,64
"310290 ANTONIO CARLOS";5;5;2038,45;1737,75;-;-;300,70;-;-;407,69;407,69;20;4,0;-;-
"310340 ARACUAI";400;400;219696,46;170276,43;-;-;49420,03;-;-;549,24;549,24;1650;4,1;16;4,00
"310350 ARAGUARI";839;839;1452390,71;1231968,02;1472,19;-;218384,24;566,26;-;1731,10;1731,10;3451;4,1;57;6,79
"310375 ARAPORA";62;62;32279,28;26194,75;-;-;6084,53;-;-;520,63;520,63;161;2,6;1;1,61
"310400 ARAXA";620;597;909235,96;728901,78;12636,15;-;161582,18;6115,85;-;1466,51;1523,01;3271;5,5;38;6,37
"310420 ARCOS";133;133;69621,00;56709,40;-;-;12911,60;-;-;523,47;523,47;460;3,5;5;3,76
"310430 AREADO";55;55;28784,09;23992,00;-;-;4792,09;-;-;523,35;523,35;157;2,9;4;7,27
"310450 ARINOS";43;43;20028,18;14974,61;-;-;5053,57;-;-;465,77;465,77;152;3,5;-;-
"310470 ATALEIA";23;23;11437,03;9940,37;-;-;1496,66;-;-;497,26;497,26;204;8,9;2;8,70
"310490 BAEPENDI";257;257;353964,08;291120,58;809,72;-;61573,65;460,13;-;1377,29;1377,29;906;3,5;18;7,00
"310510 BAMBUI";180;148;171140,55;153910,07;-;-;17230,48;-;-;950,78;1156,36;1575;10,6;6;4,05
"310540 BARAO DE COCAIS";116;116;60455,31;45251,46;-;-;15203,85;-;-;521,17;521,17;392;3,4;2;1,72
"310560 BARBACENA";1326;1293;2815440,25;2251133,85;17729,68;-;537720,91;8855,81;-;2123,26;2177,45;10475;8,1;78;6,03
"310590 BARROSO";168;168;124603,33;99264,92;-;-;25338,41;-;-;741,69;741,69;741;4,4;11;6,55
"310620 BELO HORIZONTE";23311;23226;60038720,28;48354407,59;241491,89;-;11348961,12;93859,68;-;2575,55;2584,98;143353;6,2;957;4,12
"310630 BELO ORIENTE";221;221;94955,91;62005,90;-;-;32950,01;-;-;429,66;429,66;322;1,5;4;1,81
"310650 BERILO";25;25;12414,72;11141,89;-;-;1272,83;-;-;496,59;496,59;328;13,1;2;8,00
"310670 BETIM";2113;2097;3673237,56;2920789,31;-;-;752448,25;-;-;1738,40;1751,66;13030;6,2;79;3,77
"310690 BICAS";49;49;19521,46;17061,75;-;-;2459,71;-;-;398,40;398,40;236;4,8;2;4,08
"310710 BOA ESPERANCA";181;181;287017,14;231338,75;3097,18;-;51230,24;1350,97;-;1585,73;1585,73;995;5,5;25;13,81
"310730 BOCAIUVA";334;334;173588,41;109167,12;13017,20;-;44538,06;6866,03;-;519,73;519,73;1145;3,4;9;2,69
"310740 BOM DESPACHO";353;353;414411,70;327418,78;11625,38;-;71113,71;4253,83;-;1173,97;1173,97;1767;5,0;15;4,25
"310750 BOM JARDIM DE MINAS";1;1;136,95;110,33;-;-;26,62;-;-;136,95;136,95;2;2,0;-;-
"310780 BOM JESUS DO GALHO";61;61;27247,26;16227,43;-;-;11019,83;-;-;446,68;446,68;116;1,9;-;-
"310800 BOM SUCESSO";67;67;34470,61;30830,70;-;-;3639,91;-;-;514,49;514,49;240;3,6;6;8,96
"310840 BOTELHOS";37;37;21653,92;18929,91;-;-;2724,01;-;-;585,24;585,24;189;5,1;4;10,81
"310860 BRASILIA DE MINAS";551;551;476191,36;376343,22;5369,81;-;91872,82;2605,51;-;864,23;864,23;2216;4,0;30;5,44
"310890 BRAZOPOLIS";27;27;19587,67;17845,38;-;-;1742,29;-;-;725,47;725,47;142;5,3;3;11,11
"310900 BRUMADINHO";231;231;144574,75;90015,93;8506,16;-;41907,55;4145,11;-;625,86;625,86;853;3,7;7;3,03
"310910 BUENO BRANDAO";43;43;18561,98;16691,53;-;-;1870,45;-;-;431,67;431,67;166;3,9;2;4,65
"310930 BURITIS";67;67;31429,47;23068,17;-;-;8361,30;-;-;469,10;469,10;159;2,4;1;1,49
"310950 CABO VERDE";61;61;24012,50;18465,08;-;-;5547,42;-;-;393,65;393,65;241;4,0;3;4,92
"310990 CAETANOPOLIS";87;87;40164,71;35489,62;-;-;4675,09;-;-;461,66;461,66;303;3,5;9;10,34
"311000 CAETE";186;186;126899,46;88445,08;8483,33;-;26581,58;3389,47;-;682,26;682,26;650;3,5;8;4,30
"311030 CALDAS";39;39;25040,72;19602,30;-;-;5438,42;-;-;642,07;642,07;129;3,3;-;-
"311050 CAMANDUCAIA";106;106;78532,02;65650,06;-;-;12881,96;-;-;740,87;740,87;406;3,8;5;4,72
"311060 CAMBUI";191;191;110848,60;70446,44;11534,77;-;22745,29;6122,10;-;580,36;580,36;580;3,0;7;3,66
"311070 CAMBUQUIRA";69;69;39472,47;32783,21;597,10;-;5819,28;272,88;-;572,06;572,06;353;5,1;6;8,70
"311090 CAMPANHA";17;17;10766,27;9789,34;-;-;976,93;-;-;633,31;633,31;88;5,2;4;23,53
"311100 CAMPESTRE";109;109;47084,66;40390,00;-;-;6694,66;-;-;431,97;431,97;303;2,8;2;1,83
"311110 CAMPINA VERDE";81;81;46160,38;37967,97;-;-;8192,41;-;-;569,88;569,88;270;3,3;1;1,23
"311120 CAMPO BELO";560;560;866259,05;710563,70;7574,14;-;145132,87;2988,34;-;1546,89;1546,89;2434;4,3;41;7,32
"311130 CAMPO DO MEIO";19;19;9517,61;8282,59;-;-;1235,02;-;-;500,93;500,93;89;4,7;1;5,26
"311150 CAMPOS ALTOS";64;64;29154,09;20252,49;-;-;8901,60;-;-;455,53;455,53;293;4,6;-;-
"311160 CAMPOS GERAIS";155;155;105035,39;77187,77;3216,02;-;22902,07;1729,53;-;677,65;677,65;739;4,8;6;3,87
"311180 CANAPOLIS";61;61;38870,22;22483,13;6274,79;-;7693,95;2418,35;-;637,22;637,22;129;2,1;1;1,64
"311200 CANDEIAS";35;35;15135,93;13524,09;-;-;1611,84;-;-;432,46;432,46;234;6,7;1;2,86
"311230 CAPELINHA";330;330;314052,95;254875,66;1962,18;-;56360,95;854,16;-;951,68;951,68;1389;4,2;12;3,64
"311260 CAPINOPOLIS";48;48;20898,30;15312,60;-;-;5585,70;-;-;435,38;435,38;148;3,1;3;6,25
"311280 CAPITOLIO";55;55;23761,85;17656,38;1758,63;-;3496,25;850,59;-;432,03;432,03;180;3,3;1;1,82
"311300 CARAI";64;64;25433,49;18842,26;-;-;6591,23;-;-;397,40;397,40;229;3,6;4;6,25
"311320 CARANDAI";98;98;49118,57;38184,96;-;-;10933,61;-;-;501,21;501,21;313;3,2;3;3,06
"311330 CARANGOLA";719;719;1931050,60;1573705,61;-;-;357344,99;-;-;2685,74;2685,74;4477;6,2;39;5,42
"311340 CARATINGA";974;974;1619239,70;1275377,22;33622,64;-;293614,24;16625,60;-;1662,46;1662,46;4045;4,2;38;3,90
"311350 CARBONITA";31;31;19255,26;17281,50;-;-;1973,76;-;-;621,14;621,14;95;3,1;-;-
"311360 CAREACU";16;16;9826,06;8896,41;-;-;929,65;-;-;614,13;614,13;54;3,4;-;-
"311370 CARLOS CHAGAS";109;109;57848,53;47563,96;-;-;10284,57;-;-;530,72;530,72;683;6,3;1;0,92
"311390 CARMO DA CACHOEIRA";39;39;21396,88;19083,63;-;-;2313,25;-;-;548,64;548,64;160;4,1;3;7,69
"311400 CARMO DA MATA";12;12;5628,01;5027,72;-;-;600,29;-;-;469,00;469,00;50;4,2;1;8,33
"311410 CARMO DE MINAS";52;52;17998,84;15909,23;-;-;2089,61;-;-;346,13;346,13;182;3,5;3;5,77
"311430 CARMO DO PARANAIBA";114;114;82490,85;44134,08;12613,33;-;19660,20;6083,24;-;723,60;723,60;434;3,8;4;3,51
"311440 CARMO DO RIO CLARO";129;129;58202,43;45640,36;-;-;12562,07;-;-;451,18;451,18;339;2,6;8;6,20
"311450 CARMOPOLIS DE MINAS";49;49;24907,98;18863,61;-;-;6044,37;-;-;508,33;508,33;176;3,6;3;6,12
"311460 CARRANCAS";13;13;5834,18;5054,54;-;-;779,64;-;-;448,78;448,78;47;3,6;2;15,38
"311510 CASSIA";349;349;244863,38;175703,05;15568,58;-;47602,60;5989,15;-;701,61;701,61;1034;3,0;7;2,01
"311530 CATAGUASES";421;421;474721,05;402903,45;-;-;71817,60;-;-;1127,60;1127,60;1944;4,6;28;6,65
"311550 CAXAMBU";85;85;60900,81;48411,94;-;-;12488,87;-;-;716,48;716,48;336;4,0;9;10,59
"311570 CENTRAL DE MINAS";27;27;12787,13;10904,32;-;-;1882,81;-;-;473,60;473,60;92;3,4;1;3,70
"311580 CENTRALINA";11;11;3152,60;2695,41;-;-;457,19;-;-;286,60;286,60;16;1,5;-;-
"311615 CHAPADA GAUCHA";16;16;6835,24;5762,84;-;-;1072,40;-;-;427,20;427,20;34;2,1;-;-
"311630 CIPOTANEA";15;15;5357,02;4751,11;-;-;605,91;-;-;357,13;357,13;39;2,6;-;-
"311660 CLAUDIO";140;140;70213,66;57116,38;-;-;13097,28;-;-;501,53;501,53;673;4,8;3;2,14
"311680 COLUNA";45;45;23844,07;20196,84;-;-;3647,23;-;-;529,87;529,87;191;4,2;2;4,44
"311710 CONCEICAO DA APARECIDA";55;55;26954,76;21269,33;-;-;5685,43;-;-;490,09;490,09;117;2,1;1;1,82
"311730 CONCEICAO DAS ALAGOAS";170;170;85777,77;65208,69;4729,29;-;13993,87;1845,92;-;504,58;504,58;300;1,8;3;1,76
"311750 CONCEICAO DO MATO DENTRO";128;128;58864,02;40993,74;-;-;17870,28;-;-;459,88;459,88;371;2,9;1;0,78
"311770 CONCEICAO DO RIO VERDE";174;174;91704,56;53552,52;1333,28;-;36357,86;460,90;-;527,04;527,04;295;1,7;1;0,57
"311800 CONGONHAS";231;231;160070,02;108999,12;6105,21;-;42609,77;2355,92;-;692,94;692,94;1108;4,8;7;3,03
"311820 CONQUISTA";26;26;8212,02;6950,07;-;-;1261,95;-;-;315,85;315,85;60;2,3;-;-
"311830 CONSELHEIRO LAFAIETE";619;619;911374,37;731814,36;15538,35;-;156870,33;7151,33;-;1472,33;1472,33;3053;4,9;48;7,75
"311840 CONSELHEIRO PENA";147;147;66415,40;54722,05;-;-;11693,35;-;-;451,81;451,81;496;3,4;2;1,36
"311860 CONTAGEM";1987;1987;3354704,94;2129205,36;101650,97;35435,25;508408,56;36292,78;543712,02;1688,33;1688,33;9498;4,8;68;3,42
"311880 CORACAO DE JESUS";164;164;116425,39;70517,54;13326,23;-;25812,47;6769,15;-;709,91;709,91;254;1,5;2;1,22
"311930 COROMANDEL";100;100;52212,84;39838,35;1386,79;-;10385,70;602,00;-;522,13;522,13;321;3,2;-;-
"311940 CORONEL FABRICIANO";342;342;627211,48;497000,45;25886,54;6702,92;85660,47;11961,10;-;1833,95;1833,95;1491;4,4;25;7,31
"312020 CRISTAIS";35;35;15797,18;11449,24;-;-;4347,94;-;-;451,35;451,35;97;2,8;1;2,86
"312050 CRISTINA";59;59;25835,99;22887,97;-;-;2948,02;-;-;437,90;437,90;233;3,9;6;10,17
"312080 CRUZILIA";184;184;122377,61;81698,41;10659,20;-;26095,54;3924,46;-;665,10;665,10;615;3,3;9;4,89
"312090 CURVELO";831;831;1356182,29;1068734,96;23850,57;-;251625,61;11971,15;-;1631,99;1631,99;3464;4,2;35;4,21
"312120 DELFINOPOLIS";7;7;2558,28;2259,56;-;-;298,72;-;-;365,47;365,47;25;3,6;-;-
"312160 DIAMANTINA";741;741;1994446,77;1569849,91;11904,84;-;408227,76;4464,26;-;2691,56;2691,56;4491;6,1;40;5,40
"312200 DIVINO";43;43;22216,79;18541,66;-;-;3675,13;-;-;516,67;516,67;248;5,8;1;2,33
"312210 DIVINO DAS LARANJEIRAS";12;12;4342,19;3810,84;-;-;531,35;-;-;361,85;361,85;44;3,7;1;8,33
"312230 DIVINOPOLIS";1641;1641;5020542,81;3771885,78;30721,53;-;1206460,07;11475,43;-;3059,44;3059,44;7205;4,4;69;4,20
"312260 DOM JOAQUIM";29;29;10401,06;9075,76;-;-;1325,30;-;-;358,66;358,66;73;2,5;1;3,45
"312270 DOM SILVERIO";18;18;8014,66;7148,77;-;-;865,89;-;-;445,26;445,26;66;3,7;-;-
"312320 DORES DO INDAIA";102;102;58036,73;48833,89;-;-;9202,84;-;-;568,99;568,99;348;3,4;4;3,92
"312360 ELOI MENDES";174;174;113626,94;78680,78;-;-;34946,16;-;-;653,03;653,03;324;1,9;2;1,15
"312390 ENTRE RIOS DE MINAS";118;111;92813,55;82456,60;-;-;10356,95;-;-;786,56;836,16;726;6,5;7;6,31
"312400 ERVALIA";59;59;27913,39;24522,78;-;-;3390,61;-;-;473,11;473,11;429;7,3;2;3,39
"312410 ESMERALDAS";136;136;52438,94;45720,16;-;-;6718,78;-;-;385,58;385,58;637;4,7;7;5,15
"312420 ESPERA FELIZ";114;114;40690,16;31980,70;-;-;8709,46;-;-;356,93;356,93;472;4,1;3;2,63
"312430 ESPINOSA";136;136;84722,58;63516,11;5479,77;-;12843,83;2882,87;-;622,96;622,96;423;3,1;4;2,94
"312450 ESTIVA";20;20;10847,85;9704,80;-;-;1143,05;-;-;542,39;542,39;53;2,6;3;15,00
"312470 ESTRELA DO INDAIA";14;14;6563,70;5298,62;-;-;1265,08;-;-;468,84;468,84;24;1,7;-;-
"312490 EUGENOPOLIS";46;46;19583,11;17253,74;-;-;2329,37;-;-;425,72;425,72;169;3,7;1;2,17
"312510 EXTREMA";251;251;243956,56;219039,55;-;-;24917,01;-;-;971,94;971,94;1490;5,9;21;8,37
"312560 FELISBURGO";52;52;25740,66;20529,01;-;-;5211,65;-;-;495,01;495,01;176;3,4;2;3,85
"312590 FERROS";36;36;15874,10;14263,49;-;-;1610,61;-;-;440,95;440,95;149;4,1;2;5,56
"312595 FERVEDOURO";17;17;7902,42;6905,42;-;-;997,00;-;-;464,85;464,85;95;5,6;1;5,88
"312610 FORMIGA";424;424;1252773,53;990123,73;4735,43;-;255738,48;2175,89;-;2954,65;2954,65;2069;4,9;23;5,42
"312670 FRANCISCO SA";200;200;96724,75;56996,37;11872,83;-;21730,92;6124,63;-;483,62;483,62;681;3,4;6;3,00
"312690 FREI INOCENCIO";15;15;6684,72;5798,74;-;-;885,98;-;-;445,65;445,65;62;4,1;2;13,33
"312710 FRUTAL";364;364;196122,08;149949,90;-;-;46172,18;-;-;538,80;538,80;1439;4,0;15;4,12
"312760 GOUVEIA";111;111;45573,41;35912,89;-;-;9660,52;-;-;410,57;410,57;233;2,1;1;0,90
"312770 GOVERNADOR VALADARES";2315;2315;7356087,20;6073638,33;-;-;1282448,87;-;-;3177,58;3177,58;10460;4,5;129;5,57
"312780 GRAO MOGOL";104;104;57014,19;39063,52;4796,87;-;10744,77;2409,03;-;548,21;548,21;708;6,8;-;-
"312800 GUANHAES";355;355;348281,87;285677,29;-;-;62604,58;-;-;981,08;981,08;897;2,5;12;3,38
"312810 GUAPE";43;43;19046,61;15737,49;-;-;3309,12;-;-;442,94;442,94;124;2,9;1;2,33
"312830 GUARANESIA";64;64;35872,26;30619,86;-;-;5252,40;-;-;560,50;560,50;292;4,6;5;7,81
"312860 GUARDA-MOR";23;23;13717,99;8192,04;1867,48;-;2731,54;926,93;-;596,43;596,43;79;3,4;-;-
"312870 GUAXUPE";350;350;370579,77;301604,01;-;-;68975,76;-;-;1058,80;1058,80;1422;4,1;26;7,43
"312910 GURINHATA";8;8;3390,25;2792,82;-;-;597,43;-;-;423,78;423,78;18;2,3;2;25,00
"312940 IBERTIOGA";25;25;6726,61;5932,90;-;-;793,71;-;-;269,06;269,06;156;6,2;1;4,00
"312950 IBIA";69;69;36964,17;27851,84;-;-;9112,33;-;-;535,71;535,71;266;3,9;2;2,90
"312980 IBIRITE";408;408;419610,74;339087,33;1024,62;-;79015,46;483,33;-;1028,46;1028,46;1908;4,7;20;4,90
"313010 IGARAPE";95;95;99730,18;63977,49;-;-;35752,69;-;-;1049,79;1049,79;-;-;-;-
"313030 IGUATAMA";29;29;13771,05;12173,56;-;-;1597,49;-;-;474,86;474,86;82;2,8;1;3,45
"313050 ILICINEA";26;26;12691,75;10073,95;-;-;2617,80;-;-;488,14;488,14;54;2,1;-;-
"313090 INHAPIM";96;96;67451,17;51671,17;5177,26;-;7868,17;2734,57;-;702,62;702,62;420;4,4;4;4,17
"313120 IPANEMA";75;75;33999,48;27104,38;-;-;6895,10;-;-;453,33;453,33;238;3,2;5;6,67
"313130 IPATINGA";2437;2437;5657471,15;4573640,70;2162,41;-;1080651,90;1016,14;-;2321,49;2321,49;12442;5,1;147;6,03
"313170 ITABIRA";946;946;1380053,35;1102986,47;19751,07;-;250180,03;7135,78;-;1458,83;1458,83;5218;5,5;45;4,76
"313180 ITABIRINHA";123;123;93186,38;59521,90;-;-;33664,48;-;-;757,61;757,61;179;1,5;3;2,44
"313190 ITABIRITO";196;196;133524,27;98882,55;2296,40;-;31156,43;1188,89;-;681,25;681,25;848;4,3;5;2,55
"313210 ITACARAMBI";15;15;7286,46;5386,05;-;-;1900,41;-;-;485,76;485,76;36;2,4;1;6,67
"313220 ITAGUARA";97;97;50401,64;40895,69;-;-;9505,95;-;-;519,60;519,60;358;3,7;3;3,09
"313230 ITAIPE";39;39;16510,74;14470,59;-;-;2040,15;-;-;423,35;423,35;163;4,2;1;2,56
"313240 ITAJUBA";849;849;1587454,07;1278797,30;11258,58;-;291634,69;5763,50;-;1869,79;1869,79;2681;3,2;40;4,71
"313250 ITAMARANDIBA";263;259;115748,75;81797,41;4034,43;-;28102,28;1814,63;-;440,11;446,91;779;3,0;10;3,86
"313270 ITAMBACURI";319;319;149507,24;113226,76;-;-;36280,48;-;-;468,67;468,67;1307;4,1;12;3,76
"313300 ITAMONTE";59;59;31472,03;25781,35;-;-;5690,68;-;-;533,42;533,42;224;3,8;2;3,39
"313310 ITANHANDU";223;223;313593,75;235099,49;3624,33;-;73357,53;1512,40;-;1406,25;1406,25;584;2,6;5;2,24
"313320 ITANHOMI";95;95;54884,18;39983,10;-;-;14901,08;-;-;577,73;577,73;186;2,0;-;-
"313330 ITAOBIM";229;229;104546,08;80378,36;-;-;24167,72;-;-;456,53;456,53;841;3,7;7;3,06
"313350 ITAPECERICA";88;88;54550,79;44516,60;-;-;10034,19;-;-;619,90;619,90;392;4,5;8;9,09
"313375 ITAU DE MINAS";21;21;10853,59;9674,33;-;-;1179,26;-;-;516,84;516,84;88;4,2;3;14,29
"313380 ITAUNA";673;673;949432,63;761748,33;19217,13;-;160526,44;7940,73;-;1410,75;1410,75;3236;4,8;45;6,69
"313420 ITUIUTABA";503;478;632362,89;524131,31;4492,83;-;101417,62;2321,13;-;1257,18;1322,93;3332;7,0;38;7,95
"313440 ITURAMA";145;145;105464,93;80118,75;-;-;25346,18;-;-;727,34;727,34;304;2,1;7;4,83
"313460 JABOTICATUBAS";31;31;12092,80;10695,06;-;-;1397,74;-;-;390,09;390,09;152;4,9;-;-
"313470 JACINTO";136;136;76130,23;44706,79;9414,35;-;16936,74;5072,35;-;559,78;559,78;388;2,9;1;0,74
"313490 JACUTINGA";110;110;54927,13;42586,77;-;-;12340,36;-;-;499,34;499,34;394;3,6;4;3,64
"313505 JAIBA";76;76;45406,73;39652,64;-;-;5754,09;-;-;597,46;597,46;242;3,2;3;3,95
"313510 JANAUBA";1143;1143;1495677,05;1155341,36;29244,86;-;296143,63;14947,20;-;1308,55;1308,55;4323;3,8;44;3,85
"313520 JANUARIA";375;375;238229,40;135013,46;30041,04;-;57680,39;15494,51;-;635,28;635,28;922;2,5;13;3,47
"313540 JECEABA";4;4;2247,78;2012,61;-;-;235,17;-;-;561,94;561,94;29;7,3;1;25,00
"313580 JEQUITINHONHA";149;149;67229,34;57423,82;-;-;9805,52;-;-;451,20;451,20;695;4,7;4;2,68
"313600 JOAIMA";51;51;30619,42;26001,50;-;-;4617,92;-;-;600,38;600,38;273;5,4;7;13,73
"313620 JOAO MONLEVADE";365;365;375450,78;293379,86;10606,22;-;65978,03;5486,67;-;1028,63;1028,63;1625;4,5;22;6,03
"313630 JOAO PINHEIRO";243;243;218550,89;171084,06;-;-;47466,83;-;-;899,39;899,39;745;3,1;12;4,94
"313650 JORDANIA";26;26;15644,40;13934,54;-;-;1709,86;-;-;601,71;601,71;113;4,3;1;3,85
"313670 JUIZ DE FORA";4368;4215;12245042,02;9893097,40;29917,88;-;2310305,67;11721,07;-;2803,35;2905,11;31776;7,5;250;5,93
"313690 JURUAIA";38;38;19440,40;13125,29;819,75;-;5137,22;358,14;-;511,59;511,59;120;3,2;-;-
"313700 LADAINHA";27;27;14132,36;12640,67;-;-;1491,69;-;-;523,42;523,42;101;3,7;2;7,41
"313710 LAGAMAR";9;9;4453,45;3911,42;-;-;542,03;-;-;494,83;494,83;37;4,1;-;-
"313720 LAGOA DA PRATA";465;465;661889,23;532023,81;-;-;129865,42;-;-;1423,42;1423,42;1366;2,9;9;1,94
"313750 LAGOA FORMOSA";59;59;31682,30;21699,70;-;-;9982,60;-;-;536,99;536,99;164;2,8;-;-
"313760 LAGOA SANTA";218;218;243423,28;164050,34;20899,34;-;49971,99;8501,61;-;1116,62;1116,62;742;3,4;7;3,21
"313770 LAJINHA";55;55;40507,52;32252,24;-;-;8255,28;-;-;736,50;736,50;220;4,0;2;3,64
"313780 LAMBARI";52;52;26630,69;18869,65;1495,37;-;5488,76;776,91;-;512,13;512,13;213;4,1;3;5,77
"313820 LAVRAS";650;650;1013123,47;822863,38;-;-;190260,09;-;-;1558,65;1558,65;2617;4,0;37;5,69
"313840 LEOPOLDINA";265;265;276553,97;230292,96;-;-;46261,01;-;-;1043,60;1043,60;1132;4,3;17;6,42
"313860 LIMA DUARTE";75;75;39802,38;33271,59;-;-;6530,79;-;-;530,70;530,70;402;5,4;6;8,00
"313880 LUZ";221;221;85347,75;67379,04;-;-;17968,71;-;-;386,19;386,19;584;2,6;11;4,98
"313890 MACHACALIS";81;81;30711,82;26726,64;-;-;3985,18;-;-;379,16;379,16;302;3,7;5;6,17
"313900 MACHADO";209;209;266452,59;213463,62;1920,44;-;50366,10;702,43;-;1274,89;1274,89;720;3,4;9;4,31
"313920 MALACACHETA";233;233;99314,93;71270,23;1500,00;-;25044,70;1500,00;-;426,24;426,24;725;3,1;7;3,00
"313930 MANGA";314;314;235819,49;122615,99;38674,28;-;54858,25;19670,97;-;751,02;751,02;517;1,6;2;0,64
"313940 MANHUACU";1052;1052;1415299,88;1091832,58;3179,36;-;319013,66;1274,28;-;1345,34;1345,34;5335;5,1;47;4,47
"313950 MANHUMIRIM";229;229;270781,88;226416,10;-;-;44365,78;-;-;1182,45;1182,45;1057;4,6;17;7,42
"313960 MANTENA";312;312;163591,03;104120,46;17756,56;-;32598,92;9115,09;-;524,33;524,33;1169;3,7;12;3,85
"313980 MAR DE ESPANHA";57;57;22541,41;17433,09;831,43;-;3796,04;480,85;-;395,46;395,46;270;4,7;4;7,02
"313990 MARIA DA FE";16;16;7753,87;6730,89;-;-;1022,98;-;-;484,62;484,62;96;6,0;1;6,25
"314000 MARIANA";250;250;181757,17;144379,56;-;-;37377,61;-;-;727,03;727,03;1047;4,2;13;5,20
"314050 MARTINHO CAMPOS";16;16;7940,40;6878,62;-;-;1061,78;-;-;496,28;496,28;100;6,3;4;25,00
"314070 MATEUS LEME";84;84;56268,26;41800,42;-;-;14467,84;-;-;669,86;669,86;396;4,7;7;8,33
"314090 MATIPO";130;130;64817,96;48802,36;-;-;16015,60;-;-;498,60;498,60;534;4,1;7;5,38
"314110 MATOZINHOS";64;64;38158,18;28446,25;-;-;9711,93;-;-;596,22;596,22;150;2,3;2;3,13
"314120 MATUTINA";12;12;5666,19;4998,44;-;-;667,75;-;-;472,18;472,18;42;3,5;-;-
"314140 MEDINA";168;168;142351,48;86441,61;18701,86;-;27375,34;9832,67;-;847,33;847,33;571;3,4;6;3,57
"314150 MENDES PIMENTEL";31;31;14802,18;12516,69;-;-;2285,49;-;-;477,49;477,49;77;2,5;-;-
"314160 MERCES";52;52;24065,63;20936,27;-;-;3129,36;-;-;462,80;462,80;208;4,0;3;5,77
"314180 MINAS NOVAS";288;288;128904,93;101160,56;3711,91;-;22701,61;1330,85;-;447,59;447,59;847;2,9;4;1,39
"314200 MIRABELA";66;66;42692,63;37779,35;-;-;4913,28;-;-;646,86;646,86;254;3,8;3;4,55
"314220 MIRAI";71;71;34353,21;30175,85;-;-;4177,36;-;-;483,85;483,85;282;4,0;1;1,41
"314240 MOEMA";23;23;11715,12;10571,64;-;-;1143,48;-;-;509,35;509,35;130;5,7;-;-
"314260 MONSENHOR PAULO";37;37;16584,25;13909,89;-;-;2674,36;-;-;448,22;448,22;161;4,4;2;5,41
"314270 MONTALVANIA";117;117;46617,29;38464,86;-;-;8152,43;-;-;398,44;398,44;197;1,7;2;1,71
"314280 MONTE ALEGRE DE MINAS";73;73;40224,21;29876,60;-;-;10347,61;-;-;551,02;551,02;304;4,2;3;4,11
"314290 MONTE AZUL";204;204;159116,85;135228,94;-;-;23887,91;-;-;779,98;779,98;807;4,0;2;0,98
"314300 MONTE BELO";21;21;10707,41;7770,08;-;-;2937,33;-;-;509,88;509,88;68;3,2;1;4,76
"314310 MONTE CARMELO";440;440;294686,41;213023,22;10479,28;-;67171,55;4012,36;-;669,74;669,74;1235;2,8;10;2,27
"314320 MONTE SANTO DE MINAS";103;103;55512,16;42593,94;-;-;12918,22;-;-;538,95;538,95;352;3,4;7;6,80
"314330 MONTES CLAROS";3954;3954;9291220,12;7069930,61;127508,44;-;2045872,08;47908,99;-;2349,83;2349,83;20038;5,1;180;4,55
"314350 MORADA NOVA DE MINAS";38;38;12681,52;11114,40;-;-;1567,12;-;-;333,72;333,72;120;3,2;2;5,26
"314390 MURIAE";2174;2174;4831982,95;3702509,65;17853,71;-;1102634,91;8984,68;-;2222,62;2222,62;9420;4,3;144;6,62
"314400 MUTUM";109;109;51944,58;44995,94;-;-;6948,64;-;-;476,56;476,56;532;4,9;1;0,92
"314410 MUZAMBINHO";96;96;46838,35;37057,76;-;-;9780,59;-;-;487,90;487,90;347;3,6;6;6,25
"314430 NANUQUE";262;262;132039,36;110986,99;-;-;21052,37;-;-;503,97;503,97;1075;4,1;10;3,82
"314450 NAZARENO";12;12;5150,68;4551,50;-;-;599,18;-;-;429,22;429,22;134;11,2;1;8,33
"314460 NEPOMUCENO";107;107;60363,14;53619,23;-;-;6743,91;-;-;564,14;564,14;426;4,0;11;10,28
"314470 NOVA ERA";52;52;17489,23;15109,11;-;-;2380,12;-;-;336,33;336,33;259;5,0;2;3,85
"314480 NOVA LIMA";520;520;463253,66;365448,88;-;-;97804,78;-;-;890,87;890,87;1897;3,6;18;3,46
"314500 NOVA PONTE";48;48;22828,65;19100,35;-;-;3728,30;-;-;475,60;475,60;216;4,5;1;2,08
"314510 NOVA RESENDE";40;40;16900,38;12557,80;-;-;4342,58;-;-;422,51;422,51;118;3,0;2;5,00
"314520 NOVA SERRANA";492;492;309300,90;192423,89;27831,34;-;78116,80;10928,87;-;628,66;628,66;1105;2,2;4;0,81
"314530 NOVO CRUZEIRO";140;140;64377,82;56423,18;-;-;7954,64;-;-;459,84;459,84;609;4,3;11;7,86
"314560 OLIVEIRA";425;425;574584,56;464553,92;-;-;110030,64;-;-;1351,96;1351,96;2058;4,8;28;6,59
"314590 OURO BRANCO";173;173;73032,58;55824,43;-;-;17208,15;-;-;422,15;422,15;729;4,2;7;4,05
"314600 OURO FINO";298;298;192704,06;140509,46;7777,78;-;40465,34;3951,48;-;646,66;646,66;591;2,0;14;4,70
"314610 OURO PRETO";439;439;674273,02;549840,75;-;-;124432,27;-;-;1535,93;1535,93;2195;5,0;25;5,69
"314630 PADRE PARAISO";130;130;53673,59;40358,55;-;-;13315,04;-;-;412,87;412,87;512;3,9;14;10,77
"314650 PAINS";32;32;14771,11;12305,51;-;-;2465,60;-;-;461,60;461,60;162;5,1;4;12,50
"314670 PALMA";24;24;10414,22;9092,79;-;-;1321,43;-;-;433,93;433,93;156;6,5;1;4,17
"314700 PARACATU";514;514;540332,54;445905,48;-;-;94427,06;-;-;1051,23;1051,23;2665;5,2;18;3,50
"314710 PARA DE MINAS";488;488;922143,09;745256,47;14780,08;-;156183,00;5923,54;-;1889,64;1889,64;1774;3,6;17;3,48
"314720 PARAGUACU";85;85;63054,71;41225,12;3975,11;-;16012,40;1842,08;-;741,82;741,82;180;2,1;2;2,35
"314730 PARAISOPOLIS";62;62;32969,15;23640,82;2880,23;-;5118,86;1329,24;-;531,76;531,76;189;3,0;3;4,84
"314750 PASSABEM";2;2;776,08;670,22;-;-;105,86;-;-;388,04;388,04;5;2,5;-;-
"314760 PASSA QUATRO";84;84;42422,39;30606,12;1579,21;-;9388,60;848,46;-;505,03;505,03;283;3,4;4;4,76
"314770 PASSA TEMPO";33;33;13902,72;12235,95;-;-;1666,77;-;-;421,29;421,29;125;3,8;1;3,03
"314790 PASSOS";1625;1625;5066140,23;3972542,49;26835,60;-;1057235,65;9526,49;-;3117,62;3117,62;7135;4,4;88;5,42
"314800 PATOS DE MINAS";1252;1252;2081252,39;1674071,14;37506,62;-;351549,30;18125,33;-;1662,34;1662,34;6409;5,1;87;6,95
"314810 PATROCINIO";625;625;987074,66;793537,65;-;-;193537,01;-;-;1579,32;1579,32;2957;4,7;29;4,64
"314860 PECANHA";294;294;310165,26;252847,83;-;-;57317,43;-;-;1054,98;1054,98;968;3,3;5;1,70
"314870 PEDRA AZUL";229;229;125907,04;90583,06;7212,19;-;24758,79;3353,00;-;549,81;549,81;829;3,6;13;5,68
"314910 PEDRALVA";15;15;9522,77;8700,77;-;-;822,00;-;-;634,85;634,85;79;5,3;1;6,67
"314930 PEDRO LEOPOLDO";205;205;135087,20;96012,78;-;-;39074,42;-;-;658,96;658,96;624;3,0;7;3,41
"314980 PERDIZES";78;78;30284,23;24553,92;-;-;5730,31;-;-;388,26;388,26;228;2,9;-;-
"314990 PERDOES";90;90;61524,04;41541,51;5792,78;-;11988,70;2201,05;-;683,60;683,60;271;3,0;2;2,22
"315030 PIEDADE DO RIO GRANDE";10;10;4027,71;3438,58;-;-;589,13;-;-;402,77;402,77;62;6,2;1;10,00
"315050 PIMENTA";10;10;3776,88;3260,28;-;-;516,60;-;-;377,69;377,69;53;5,3;-;-
"315110 PIRAPETINGA";57;57;31290,55;23079,33;1708,18;-;5580,57;922,47;-;548,96;548,96;204;3,6;5;8,77
"315120 PIRAPORA";644;644;778764,78;578625,12;25890,51;-;160864,56;13384,59;-;1209,26;1209,26;2365;3,7;35;5,43
"315140 PITANGUI";102;102;60268,88;46118,52;-;-;14150,36;-;-;590,87;590,87;636;6,2;6;5,88
"315150 PIUMHI";580;580;580828,44;476320,14;4815,54;-;97856,32;1836,44;-;1001,43;1001,43;1603;2,8;24;4,14
"315170 POCO FUNDO";200;200;168205,19;114254,61;-;3743,69;46225,93;-;3980,96;841,03;841,03;602;3,0;1;0,50
"315180 POCOS DE CALDAS";1073;1073;3481532,58;2776574,82;7435,29;-;694765,35;2757,12;-;3244,67;3244,67;4441;4,1;56;5,22
"315190 POCRANE";12;12;5319,59;4566,15;-;-;753,44;-;-;443,30;443,30;60;5,0;-;-
"315200 POMPEU";85;85;46062,25;28476,43;4333,28;-;11488,96;1763,58;-;541,91;541,91;318;3,7;3;3,53
"315210 PONTE NOVA";818;818;2343322,90;1857732,69;-;-;485590,21;-;-;2864,70;2864,70;4855;5,9;64;7,82
"315220 PORTEIRINHA";233;233;110501,20;81214,23;7038,38;-;18539,81;3708,78;-;474,25;474,25;748;3,2;2;0,86
"315240 POTE";40;40;15912,96;13808,35;-;-;2104,61;-;-;397,82;397,82;193;4,8;1;2,50
"315250 POUSO ALEGRE";1915;1915;5646073,55;4487010,59;-;-;1159062,96;-;-;2948,34;2948,34;9569;5,0;103;5,38
"315260 POUSO ALTO";33;33;14389,51;12420,03;-;-;1969,48;-;-;436,05;436,05;224;6,8;1;3,03
"315270 PRADOS";27;27;13021,96;11559,17;-;-;1462,79;-;-;482,29;482,29;141;5,2;1;3,70
"315280 PRATA";103;103;61541,69;46099,79;-;-;15441,90;-;-;597,49;597,49;208;2,0;1;0,97
"315290 PRATAPOLIS";5;5;2086,18;1806,63;-;-;279,55;-;-;417,24;417,24;19;3,8;-;-
"315310 PRESIDENTE BERNARDES";8;8;3433,17;3023,70;-;-;409,47;-;-;429,15;429,15;60;7,5;-;-
"315340 PRESIDENTE OLEGARIO";32;32;15484,82;13431,93;-;-;2052,89;-;-;483,90;483,90;219;6,8;2;6,25
"315400 RAUL SOARES";89;89;47298,90;36772,87;1441,86;-;8448,36;635,81;-;531,45;531,45;355;4,0;9;10,11
"315410 RECREIO";62;62;28674,25;21215,47;-;-;7458,78;-;-;462,49;462,49;223;3,6;1;1,61
"315420 RESENDE COSTA";85;85;45128,45;36242,26;640,33;-;7889,85;356,01;-;530,92;530,92;417;4,9;4;4,71
"315430 RESPLENDOR";369;369;193231,65;144720,35;-;-;48511,30;-;-;523,66;523,66;1241;3,4;9;2,44
"315460 RIBEIRAO DAS NEVES";509;509;238237,24;181609,85;-;-;56627,39;-;-;468,05;468,05;2307;4,5;17;3,34
"315470 RIBEIRAO VERMELHO";12;12;4717,44;3999,83;-;-;717,61;-;-;393,12;393,12;58;4,8;1;8,33
"315490 RIO CASCA";72;72;36211,08;23164,63;-;-;13046,45;-;-;502,93;502,93;146;2,0;3;4,17
"315520 RIO ESPERA";1;1;446,78;374,26;-;-;72,52;-;-;446,78;446,78;5;5,0;-;-
"315550 RIO PARANAIBA";19;19;7175,53;6103,70;-;-;1071,83;-;-;377,66;377,66;67;3,5;-;-
"315560 RIO PARDO DE MINAS";75;75;44237,76;28142,49;2679,10;-;12109,78;1306,39;-;589,84;589,84;217;2,9;2;2,67
"315570 RIO PIRACICABA";28;28;11379,24;8334,04;-;-;3045,20;-;-;406,40;406,40;63;2,3;-;-
"315580 RIO POMBA";177;177;109871,46;75866,91;9849,85;-;19196,88;4957,82;-;620,74;620,74;613;3,5;9;5,08
"315590 RIO PRETO";23;23;10754,37;9536,07;-;-;1218,30;-;-;467,58;467,58;71;3,1;2;8,70
"315600 RIO VERMELHO";31;31;11568,71;10239,35;-;-;1329,36;-;-;373,18;373,18;115;3,7;-;-
"315660 RUBIM";78;78;49420,41;36898,68;-;-;12521,73;-;-;633,60;633,60;314;4,0;4;5,13
"315670 SABARA";148;111;122104,33;111233,39;-;-;10870,94;-;-;825,03;1100,04;1805;16,3;6;5,41
"315680 SABINOPOLIS";164;164;62986,82;55590,22;-;-;7396,60;-;-;384,07;384,07;489;3,0;3;1,83
"315690 SACRAMENTO";124;124;75946,86;58640,27;-;-;17306,59;-;-;612,47;612,47;476;3,8;3;2,42
"315700 SALINAS";502;502;429957,60;325018,80;17657,14;-;79851,04;7430,62;-;856,49;856,49;1735;3,5;17;3,39
"315710 SALTO DA DIVISA";28;28;15027,17;13209,91;-;-;1817,26;-;-;536,68;536,68;106;3,8;6;21,43
"315720 SANTA BARBARA";144;144;71372,98;56404,05;-;-;14968,93;-;-;495,65;495,65;529;3,7;7;4,86
"315770 SANTA JULIANA";16;16;6660,38;4887,56;-;-;1772,82;-;-;416,27;416,27;32;2,0;-;-
"315780 SANTA LUZIA";506;506;356249,85;244107,82;17559,50;16262,00;58737,99;8065,06;11517,48;704,05;704,05;2699;5,3;30;5,93
"315790 SANTA MARGARIDA";83;83;45670,29;35843,97;-;-;9826,32;-;-;550,24;550,24;272;3,3;2;2,41
"315800 SANTA MARIA DE ITABIRA";9;9;3082,54;2714,74;-;-;367,80;-;-;342,50;342,50;65;7,2;-;-
"315820 SANTA MARIA DO SUACUI";173;173;94449,08;74409,02;-;-;20040,06;-;-;545,95;545,95;891;5,2;7;4,05
"315930 SANTA RITA DE JACUTINGA";17;17;9889,11;8869,01;-;-;1020,10;-;-;581,71;581,71;77;4,5;1;5,88
"315960 SANTA RITA DO SAPUCAI";315;315;342768,42;271796,00;-;-;70972,42;-;-;1088,15;1088,15;705;2,2;17;5,40
"315980 SANTA VITORIA";96;96;49524,86;32883,01;3281,66;-;11783,13;1577,06;-;515,88;515,88;275;2,9;-;-
"315990 SANTO ANTONIO DO AMPARO";200;200;324881,21;220810,17;37901,66;-;51890,56;14278,82;-;1624,41;1624,41;727;3,6;17;8,50
"316040 SANTO ANTONIO DO MONTE";206;206;296899,59;247444,89;-;-;49454,70;-;-;1441,26;1441,26;978;4,7;16;7,77
"316070 SANTOS DUMONT";177;177;191140,24;144997,72;4268,40;-;40258,81;1615,31;-;1079,89;1079,89;637;3,6;10;5,65
"316100 SAO DOMINGOS DO PRATA";58;58;28266,30;20832,77;1899,28;-;4486,94;1047,31;-;487,35;487,35;295;5,1;2;3,45
"316110 SAO FRANCISCO";361;361;178022,14;137167,04;1978,78;-;37817,37;1058,95;-;493,14;493,14;1105;3,1;9;2,49
"316200 SAO GONCALO DO SAPUCAI";151;151;63188,46;52680,09;-;-;10508,37;-;-;418,47;418,47;443;2,9;8;5,30
"316210 SAO GOTARDO";145;145;93536,38;55169,96;2733,59;2412,63;25471,24;1313,24;6435,72;645,08;645,08;394;2,7;7;4,83
"316220 SAO JOAO BATISTA DO GLORIA";17;17;8129,77;7301,69;-;-;828,08;-;-;478,22;478,22;42;2,5;2;11,76
"316240 SAO JOAO DA PONTE";218;218;121907,59;95348,24;-;-;26559,35;-;-;559,21;559,21;301;1,4;-;-
"316250 SAO JOAO DEL REI";766;766;1757429,12;1424242,87;22456,68;-;302031,44;8698,13;-;2294,29;2294,29;3683;4,8;43;5,61
"316257 SAO JOAO DO MANTENINHA";11;11;5058,83;4251,58;-;-;807,25;-;-;459,89;459,89;16;1,5;-;-
"316270 SAO JOAO DO PARAISO";128;128;62279,35;49313,07;1299,37;-;10945,50;721,41;-;486,56;486,56;362;2,8;5;3,91
"316280 SAO JOAO EVANGELISTA";181;181;75291,73;57229,86;-;-;18061,87;-;-;415,98;415,98;626;3,5;4;2,21
"316290 SAO JOAO NEPOMUCENO";119;119;54097,00;42806,21;-;-;11290,79;-;-;454,60;454,60;404;3,4;7;5,88
"316370 SAO LOURENCO";639;639;1150251,15;896967,72;20621,15;-;224209,69;8452,59;-;1800,08;1800,08;2331;3,6;32;5,01
"316390 SAO PEDRO DA UNIAO";12;12;6695,85;5959,41;-;-;736,44;-;-;557,99;557,99;67;5,6;1;8,33
"316420 SAO ROMAO";27;27;8755,02;7777,87;-;-;977,15;-;-;324,26;324,26;60;2,2;3;11,11
"316430 SAO ROQUE DE MINAS";6;6;2303,59;2032,23;-;-;271,36;-;-;383,93;383,93;24;4,0;-;-
"316470 SAO SEBASTIAO DO PARAISO";903;780;1873242,88;1501117,05;-;-;372125,83;-;-;2074,47;2401,59;7461;9,6;47;6,03
"316500 SAO TIAGO";44;44;18375,11;16398,57;-;-;1976,54;-;-;417,62;417,62;152;3,5;2;4,55
"316530 SAO VICENTE DE MINAS";27;27;12965,29;10192,92;-;-;2772,37;-;-;480,20;480,20;253;9,4;1;3,70
"316570 SENADOR FIRMINO";7;7;2730,46;2416,92;-;-;313,54;-;-;390,07;390,07;21;3,0;-;-
"316680 SERRA DO SALITRE";60;60;37273,66;19591,10;4758,05;-;11047,92;1876,59;-;621,23;621,23;117;1,9;1;1,67
"316690 SERRANIA";5;5;1957,64;1651,19;-;-;306,45;-;-;391,53;391,53;20;4,0;-;-
"316710 SERRO";254;254;168955,99;124920,33;-;-;44035,66;-;-;665,18;665,18;541;2,1;1;0,39
"316720 SETE LAGOAS";1760;1760;2526245,21;1935655,86;36760,77;-;535692,18;18136,40;-;1435,37;1435,37;6865;3,9;84;4,77
"316800 TAIOBEIRAS";715;715;916386,37;697706,03;34375,61;-;166834,55;17470,18;-;1281,66;1281,66;2697;3,8;16;2,24
"316840 TARUMIRIM";301;301;273989,55;214495,79;-;-;59493,76;-;-;910,26;910,26;414;1,4;3;1,00
"316860 TEOFILO OTONI";1670;1670;3524130,64;2797792,01;-;-;726338,63;-;-;2110,26;2110,26;8382;5,0;85;5,09
"316870 TIMOTEO";341;341;402952,26;329549,52;-;-;73402,74;-;-;1181,68;1181,68;1387;4,1;22;6,45
"316890 TIROS";16;16;7197,63;6443,80;-;-;753,83;-;-;449,85;449,85;58;3,6;-;-
"316920 TOMBOS";32;32;13819,13;12174,74;-;-;1644,39;-;-;431,85;431,85;152;4,8;-;-
"316930 TRES CORACOES";554;545;751120,52;624844,03;2347,96;-;123015,65;912,88;-;1355,81;1378,20;3131;5,7;38;6,97
"316935 TRES MARIAS";154;154;85011,48;59124,08;6173,77;-;17369,33;2344,30;-;552,02;552,02;446;2,9;6;3,90
"316940 TRES PONTAS";376;376;421015,29;334093,72;4766,75;-;79858,82;2296,00;-;1119,72;1119,72;1453;3,9;20;5,32
"316960 TUPACIGUARA";55;55;25488,75;21289,70;-;-;4199,05;-;-;463,43;463,43;302;5,5;2;3,64
"316970 TURMALINA";259;259;112093,84;87909,38;-;-;24184,46;-;-;432,79;432,79;737;2,8;5;1,93
"316990 UBA";1079;1072;1338181,05;1076263,52;35391,25;-;211090,74;15435,54;-;1240,20;1248,30;5610;5,2;70;6,53
"317010 UBERABA";2690;2690;6064464,14;5002294,96;-;-;1062169,18;-;-;2254,45;2254,45;17310;6,4;248;9,22
"317020 UBERLANDIA";5532;5532;10254982,63;8261028,34;-;-;1993954,29;-;-;1853,76;1853,76;30937;5,6;213;3,85
"317040 UNAI";204;204;148941,43;107924,23;-;-;41017,20;-;-;730,11;730,11;532;2,6;5;2,45
"317043 UNIAO DE MINAS";20;20;8338,27;6876,64;-;-;1461,63;-;-;416,91;416,91;46;2,3;-;-
"317052 URUCUIA";50;50;26725,60;19288,44;-;-;7437,16;-;-;534,51;534,51;175;3,5;-;-
"317070 VARGINHA";1676;1676;5221868,54;3874885,99;-;-;1346982,55;-;-;3115,67;3115,67;7732;4,6;103;6,15
"317080 VARZEA DA PALMA";135;135;94327,74;52346,43;12843,84;-;23355,71;5781,76;-;698,72;698,72;407;3,0;6;4,44
"317090 VARZELANDIA";54;54;26882,83;23616,95;-;-;3265,88;-;-;497,83;497,83;250;4,6;-;-
"317100 VAZANTE";110;110;64958,38;39118,86;6526,54;-;15872,74;3440,24;-;590,53;590,53;255;2,3;1;0,91
"317120 VESPASIANO";172;172;102042,95;65980,31;-;-;36062,64;-;-;593,27;593,27;409;2,4;1;0,58
"317130 VICOSA";630;630;1088081,16;907016,59;10845,46;-;164586,79;5632,32;-;1727,11;1727,11;3675;5,8;37;5,87
"317160 VIRGEM DA LAPA";22;22;5412,48;4704,16;-;-;708,32;-;-;246,02;246,02;143;6,5;-;-
"317170 VIRGINIA";30;30;11480,09;10159,80;-;-;1320,29;-;-;382,67;382,67;109;3,6;3;10,00
"317180 VIRGINOPOLIS";96;96;44879,44;33913,31;-;-;10966,13;-;-;467,49;467,49;257;2,7;6;6,25
"317200 VISCONDE DO RIO BRANCO";445;445;366121,98;305837,36;-;-;60284,62;-;-;822,75;822,75;1458;3,3;23;5,17
"320010 AFONSO CLAUDIO";138;138;69927,57;50940,59;-;-;18986,98;-;-;506,72;506,72;419;3,0;5;3,62
"320020 ALEGRE";119;119;53495,11;38444,20;-;-;15050,91;-;-;449,54;449,54;123;1,0;-;-
"320040 ANCHIETA";49;49;21675,93;16847,67;-;-;4828,26;-;-;442,37;442,37;198;4,0;1;2,04
"320060 ARACRUZ";354;354;544100,37;453954,23;-;-;90146,14;-;-;1537,01;1537,01;1861;5,3;19;5,37
"320070 ATILIO VIVACQUA";2;2;1061,61;957,55;-;-;104,06;-;-;530,80;530,80;14;7,0;-;-
"320080 BAIXO GUANDU";96;96;94701,91;39051,76;23350,55;-;18777,07;13522,53;-;986,48;986,48;300;3,1;1;1,04
"320090 BARRA DE SAO FRANCISCO";508;508;304096,21;220006,50;14157,45;-;62519,24;7413,02;-;598,61;598,61;1946;3,8;29;5,71
"320100 BOA ESPERANCA";43;43;18691,27;16403,28;-;-;2287,99;-;-;434,68;434,68;138;3,2;-;-
"320120 CACHOEIRO DE ITAPEMIRIM";3270;3256;6260859,93;4972526,76;-;-;1288333,17;-;-;1914,64;1922,87;18379;5,6;151;4,64
"320130 CARIACICA";571;533;1131074,23;909419,64;-;-;221654,59;-;-;1980,87;2122,09;5551;10,4;29;5,44
"320140 CASTELO";139;139;67629,49;45428,91;-;-;22200,58;-;-;486,54;486,54;621;4,5;4;2,88
"320150 COLATINA";2329;2329;4341823,02;3417828,81;6655,12;-;914281,55;3057,54;-;1864,24;1864,24;8497;3,6;80;3,43
"320170 CONCEICAO DO CASTELO";20;20;7467,75;6517,38;-;-;950,37;-;-;373,39;373,39;134;6,7;1;5,00
"320190 DOMINGOS MARTINS";129;129;54145,04;47485,11;-;-;6659,93;-;-;419,73;419,73;822;6,4;10;7,75
"320210 ECOPORANGA";115;115;48020,58;41560,77;-;-;6459,81;-;-;417,57;417,57;298;2,6;2;1,74
"320230 GUACUI";315;315;576433,90;480885,69;-;-;95548,21;-;-;1829,95;1829,95;1614;5,1;21;6,67
"320240 GUARAPARI";311;311;183726,17;144497,71;-;-;39228,46;-;-;590,76;590,76;1261;4,1;-;-
"320280 ITAPEMIRIM";357;357;646154,82;530594,73;-;-;115560,09;-;-;1809,96;1809,96;2017;5,6;19;5,32
"320290 ITARANA";39;39;15693,51;13664,39;-;-;2029,12;-;-;402,40;402,40;154;3,9;2;5,13
"320300 IUNA";120;120;61391,06;46923,23;130,06;-;14051,09;286,68;-;511,59;511,59;513;4,3;3;2,50
"320305 JAGUARE";48;48;20409,86;14163,65;-;-;6246,21;-;-;425,21;425,21;124;2,6;-;-
"320310 JERONIMO MONTEIRO";175;175;148308,34;112858,09;5904,40;-;26370,95;3174,90;-;847,48;847,48;975;5,6;12;6,86
"320313 JOAO NEIVA";49;49;24252,57;16341,22;-;-;7911,35;-;-;494,95;494,95;90;1,8;3;6,12
"320316 LARANJA DA TERRA";20;20;9896,20;8871,93;-;-;1024,27;-;-;494,81;494,81;73;3,6;-;-
"320320 LINHARES";833;832;1686591,31;1284451,91;-;-;402139,40;-;-;2024,72;2027,15;4370;5,3;44;5,29
"320340 MIMOSO DO SUL";94;94;41059,23;33959,68;-;-;7099,55;-;-;436,80;436,80;497;5,3;1;1,06
"320350 MONTANHA";47;47;24625,44;21718,47;-;-;2906,97;-;-;523,95;523,95;154;3,3;-;-
"320360 MUCURICI";24;24;9952,78;8594,86;-;-;1357,92;-;-;414,70;414,70;50;2,1;-;-
"320370 MUNIZ FREIRE";19;19;9550,89;8453,69;-;-;1097,20;-;-;502,68;502,68;77;4,1;1;5,26
"320380 MUQUI";31;31;9907,57;8651,84;-;-;1255,73;-;-;319,60;319,60;80;2,6;1;3,23
"320390 NOVA VENECIA";319;319;122621,31;97379,55;-;-;25241,76;-;-;384,39;384,39;1578;4,9;5;1,57
"320400 PANCAS";7;7;1926,74;1655,48;-;-;271,26;-;-;275,25;275,25;26;3,7;-;-
"320405 PEDRO CANARIO";124;124;47804,93;40822,77;-;-;6982,16;-;-;385,52;385,52;203;1,6;-;-
"320410 PINHEIROS";52;52;23701,28;20527,61;-;-;3173,67;-;-;455,79;455,79;160;3,1;1;1,92
"320435 RIO BANANAL";11;11;3968,75;3425,10;-;-;543,65;-;-;360,80;360,80;71;6,5;2;18,18
"320450 SANTA LEOPOLDINA";185;185;198008,85;55815,96;21851,78;-;80418,41;39922,70;-;1070,32;1070,32;530;2,9;3;1,62
"320455 SANTA MARIA DE JETIBA";224;224;73009,47;47583,38;-;-;25426,09;-;-;325,94;325,94;522;2,3;3;1,34
"320460 SANTA TERESA";338;338;435929,20;356365,68;-;-;79563,52;-;-;1289,73;1289,73;1232;3,6;7;2,07
"320470 SAO GABRIEL DA PALHA";27;27;8152,38;6221,69;-;-;1930,69;-;-;301,94;301,94;79;2,9;3;11,11
"320480 SAO JOSE DO CALCADO";357;357;577243,26;474961,14;-;-;102282,12;-;-;1616,93;1616,93;1533;4,3;19;5,32
"320490 SAO MATEUS";1446;1446;1773473,92;1456233,42;-;-;317240,50;-;-;1226,47;1226,47;6708;4,6;119;8,23
"320500 SERRA";2625;2625;5690374,49;4746319,11;10812,77;-;927519,33;5723,28;-;2167,76;2167,76;17659;6,7;132;5,03
"320503 VARGEM ALTA";45;45;15804,89;13626,66;-;-;2178,23;-;-;351,22;351,22;143;3,2;3;6,67
"320506 VENDA NOVA DO IMIGRANTE";294;294;464497,70;379360,76;-;-;85136,94;-;-;1579,92;1579,92;1272;4,3;29;9,86
"320520 VILA VELHA";3510;3510;7517370,69;5805740,51;76932,92;-;1605895,37;28801,89;-;2141,70;2141,70;16986;4,8;168;4,79
"320530 VITORIA";5136;5136;9566700,68;7665879,95;11327,64;-;1881311,21;8181,88;-;1862,68;1862,68;25543;5,0;149;2,90
"330010 ANGRA DOS REIS";916;916;990364,74;809322,61;-;-;181042,13;-;-;1081,18;1081,18;4705;5,1;47;5,13
"330015 APERIBE";101;101;67359,76;45233,80;8655,46;-;9998,02;3472,48;-;666,93;666,93;404;4,0;2;1,98
"330020 ARARUAMA";418;418;677558,26;541160,15;-;-;136398,11;-;-;1620,95;1620,95;1865;4,5;13;3,11
"330022 AREAL";20;20;8056,32;6925,75;-;-;1130,57;-;-;402,82;402,82;69;3,5;2;10,00
"330023 ARMACAO DOS BUZIOS";267;267;177592,64;132812,42;-;-;44780,22;-;-;665,14;665,14;1350;5,1;1;0,37
"330025 ARRAIAL DO CABO";199;199;111462,73;87130,27;-;-;24332,46;-;-;560,11;560,11;737;3,7;6;3,02
"330030 BARRA DO PIRAI";477;438;449793,61;382227,26;-;-;67566,35;-;-;942,96;1026,93;4771;10,9;48;10,96
"330040 BARRA MANSA";1371;1371;2734684,42;2115036,86;-;-;619647,56;-;-;1994,66;1994,66;3366;2,5;57;4,16
"330045 BELFORD ROXO";774;774;755337,07;568589,09;70005,97;-;79324,92;37417,09;-;975,89;975,89;2633;3,4;29;3,75
"330050 BOM JARDIM";140;140;67294,84;53894,00;-;-;13400,84;-;-;480,68;480,68;579;4,1;5;3,57
"330060 BOM JESUS DO ITABAPOANA";495;495;987245,50;829344,14;-;-;157901,36;-;-;1994,44;1994,44;3913;7,9;53;10,71
"330070 CABO FRIO";1058;1058;1405940,78;1120202,91;-;-;285737,87;-;-;1328,87;1328,87;5002;4,7;73;6,90
"330080 CACHOEIRAS DE MACACU";290;290;160461,89;128620,04;-;-;31841,85;-;-;553,32;553,32;1438;5,0;21;7,24
"330090 CAMBUCI";131;131;136454,40;114985,22;-;-;21469,18;-;-;1041,64;1041,64;638;4,9;4;3,05
"330100 CAMPOS DOS GOYTACAZES";3342;3322;7483536,45;6004321,72;-;-;1479214,73;-;-;2239,24;2252,72;22310;6,7;197;5,93
"330110 CANTAGALO";150;150;239497,08;201948,55;-;-;37548,53;-;-;1596,65;1596,65;735;4,9;8;5,33
"330120 CARMO";82;82;34329,87;28214,48;-;-;6115,39;-;-;418,66;418,66;351;4,3;7;8,54
"330130 CASIMIRO DE ABREU";185;185;136237,28;111697,76;-;-;24539,52;-;-;736,42;736,42;1095;5,9;8;4,32
"330140 CONCEICAO DE MACABU";26;26;10023,89;8698,39;-;-;1325,50;-;-;385,53;385,53;225;8,7;3;11,54
"330150 CORDEIRO";100;100;39984,14;32804,01;-;-;7180,13;-;-;399,84;399,84;402;4,0;1;1,00
"330160 DUAS BARRAS";35;35;13793,20;12126,25;-;-;1666,95;-;-;394,09;394,09;90;2,6;-;-
"330170 DUQUE DE CAXIAS";5242;5242;6359997,53;4915764,81;192390,74;-;1149481,40;102360,58;-;1213,28;1213,28;24170;4,6;413;7,88
"330180 ENGENHEIRO PAULO DE FRONTIN";46;46;20601,41;18226,19;-;-;2375,22;-;-;447,86;447,86;245;5,3;3;6,52
"330185 GUAPIMIRIM";244;244;211641,99;180353,69;-;-;31288,30;-;-;867,39;867,39;1510;6,2;18;7,38
"330190 ITABORAI";1183;1183;1047503,61;911373,56;-;-;136130,05;-;-;885,46;885,46;8944;7,6;121;10,23
"330200 ITAGUAI";500;500;441134,09;358715,74;-;-;82418,35;-;-;882,27;882,27;2535;5,1;41;8,20
"330210 ITAOCARA";122;122;70185,89;57415,33;-;-;12770,56;-;-;575,29;575,29;512;4,2;4;3,28
"330220 ITAPERUNA";942;863;4192055,50;3369134,72;-;-;822920,78;-;-;4450,17;4857,54;6371;7,4;59;6,84
"330225 ITATIAIA";139;139;67013,30;48550,72;-;-;18462,58;-;-;482,11;482,11;401;2,9;7;5,04
"330227 JAPERI";83;83;36357,50;32063,62;-;-;4293,88;-;-;438,04;438,04;626;7,5;14;16,87
"330230 LAJE DO MURIAE";18;18;6825,37;5595,08;-;-;1230,29;-;-;379,19;379,19;53;2,9;2;11,11
"330240 MACAE";1334;1334;2259946,83;1826792,52;-;-;433154,31;-;-;1694,11;1694,11;7953;6,0;71;5,32
"330250 MAGE";508;508;363973,22;282849,94;-;-;81123,28;-;-;716,48;716,48;1525;3,0;37;7,28
"330260 MANGARATIBA";207;207;111075,47;80923,67;-;-;30151,80;-;-;536,60;536,60;892;4,3;13;6,28
"330270 MARICA";1290;1290;1414705,66;1165880,30;-;-;248825,36;-;-;1096,67;1096,67;5957;4,6;69;5,35
"330280 MENDES";51;51;24002,86;20948,91;-;-;3053,95;-;-;470,64;470,64;262;5,1;8;15,69
"330285 MESQUITA";741;741;467744,02;286849,04;-;-;180894,98;-;-;631,23;631,23;2773;3,7;8;1,08
"330290 MIGUEL PEREIRA";251;251;117285,11;88635,86;-;-;28649,25;-;-;467,27;467,27;804;3,2;9;3,59
"330300 MIRACEMA";131;131;72737,13;59746,59;-;-;12990,54;-;-;555,25;555,25;571;4,4;6;4,58
"330310 NATIVIDADE";72;72;36769,89;29895,58;-;-;6874,31;-;-;510,69;510,69;389;5,4;3;4,17
"330320 NILOPOLIS";506;506;665058,71;515393,74;-;-;149664,97;-;-;1314,35;1314,35;2281;4,5;2;0,40
"330330 NITEROI";2948;2751;4450008,02;3490215,73;103104,35;-;810997,89;45690,05;-;1509,50;1617,60;22494;8,2;173;6,29
"330340 NOVA FRIBURGO";853;807;2120062,24;1654934,30;-;-;465127,94;-;-;2485,42;2627,09;7991;9,9;68;8,43
"330350 NOVA IGUACU";1744;1744;2563318,32;2102733,74;-;-;460584,58;-;-;1469,79;1469,79;12081;6,9;193;11,07
"330360 PARACAMBI";127;127;55984,79;43311,45;-;-;12673,34;-;-;440,83;440,83;568;4,5;17;13,39
"330370 PARAIBA DO SUL";692;692;1096428,99;947361,49;-;-;149067,50;-;-;1584,43;1584,43;2364;3,4;16;2,31
"330380 PARATY";241;241;132336,05;102135,75;-;-;30200,30;-;-;549,11;549,11;1106;4,6;7;2,90
"330390 PETROPOLIS";2232;1876;4611275,38;3864647,62;-;-;746627,76;-;-;2065,98;2458,04;20849;11,1;75;4,00
"330395 PINHEIRAL";56;56;18649,75;14544,51;-;-;4105,24;-;-;333,03;333,03;320;5,7;-;-
"330400 PIRAI";166;166;262062,39;195124,73;18736,77;-;40024,70;8176,19;-;1578,69;1578,69;787;4,7;8;4,82
"330411 PORTO REAL";101;101;139062,17;102198,25;8468,39;-;23746,69;4648,84;-;1376,85;1376,85;501;5,0;4;3,96
"330412 QUATIS";41;41;10801,46;9382,08;-;-;1419,38;-;-;263,45;263,45;145;3,5;3;7,32
"330414 QUEIMADOS";418;418;440751,11;397143,47;-;-;43607,64;-;-;1054,43;1054,43;1430;3,4;-;-
"330415 QUISSAMA";162;162;204841,01;170289,93;-;-;34551,08;-;-;1264,45;1264,45;1224;7,6;7;4,32
"330420 RESENDE";814;814;968201,30;773132,62;14854,20;-;172510,56;7703,92;-;1189,44;1189,44;3862;4,7;55;6,76
"330430 RIO BONITO";510;510;680103,62;531743,44;-;-;148360,18;-;-;1333,54;1333,54;1995;3,9;20;3,92
"330440 RIO CLARO";46;46;19340,10;14883,18;-;-;4456,92;-;-;420,44;420,44;219;4,8;1;2,17
"330450 RIO DAS FLORES";45;45;13839,73;12055,95;-;-;1783,78;-;-;307,55;307,55;305;6,8;-;-
"330452 RIO DAS OSTRAS";490;490;254109,63;184455,35;-;-;69654,28;-;-;518,59;518,59;1728;3,5;12;2,45
"330455 RIO DE JANEIRO";30216;29972;54166746,50;43093377,29;-;-;11073369,21;-;-;1792,65;1807,24;207885;6,9;1811;6,04
"330460 SANTA MARIA MADALENA";64;64;33290,35;26254,09;-;-;7036,26;-;-;520,16;520,16;291;4,5;2;3,13
"330470 SANTO ANTONIO DE PADUA";350;350;194224,23;159847,12;3157,52;-;29458,52;1761,07;-;554,93;554,93;1487;4,2;9;2,57
"330475 SAO FRANCISCO DE ITABAPOANA";72;72;54580,82;49251,98;-;-;5328,84;-;-;758,07;758,07;502;7,0;7;9,72
"330480 SAO FIDELIS";212;212;440074,42;372505,65;-;-;67568,77;-;-;2075,82;2075,82;1252;5,9;20;9,43
"330490 SAO GONCALO";3262;3242;4615633,08;3777647,83;-;-;837985,25;-;-;1414,97;1423,70;17597;5,4;249;7,68
"330500 SAO JOAO DA BARRA";250;250;213370,91;187221,38;-;-;26149,53;-;-;853,48;853,48;1554;6,2;22;8,80
"330510 SAO JOAO DE MERITI";597;597;797489,31;594166,09;-;-;203323,22;-;-;1335,83;1335,83;2921;4,9;37;6,20
"330515 SAO JOSE DO VALE DO RIO PRETO";68;68;25553,60;21218,58;-;-;4335,02;-;-;375,79;375,79;251;3,7;6;8,82
"330520 SAO PEDRO DA ALDEIA";233;233;137661,70;101183,90;-;-;36477,80;-;-;590,82;590,82;883;3,8;14;6,01
"330530 SAO SEBASTIAO DO ALTO";81;81;41299,48;32538,00;-;-;8761,48;-;-;509,87;509,87;379;4,7;1;1,23
"330550 SAQUAREMA";784;784;488622,29;388652,49;-;-;99969,80;-;-;623,24;623,24;4223;5,4;63;8,04
"330555 SEROPEDICA";143;143;72942,49;43778,31;-;-;29164,18;-;-;510,09;510,09;290;2,0;-;-
"330560 SILVA JARDIM";59;59;19642,96;17271,52;-;-;2371,44;-;-;332,93;332,93;435;7,4;3;5,08
"330570 SUMIDOURO";28;28;7763,45;6657,15;-;-;1106,30;-;-;277,27;277,27;150;5,4;-;-
"330575 TANGUA";49;49;28146,98;25324,71;-;-;2822,27;-;-;574,43;574,43;222;4,5;8;16,33
"330580 TERESOPOLIS";1042;1029;2273670,80;1626053,00;232537,73;-;324864,86;90215,21;-;2182,03;2209,59;6213;6,0;52;5,05
"330590 TRAJANO DE MORAES";50;50;23429,43;19083,77;-;-;4345,66;-;-;468,59;468,59;210;4,2;3;6,00
"330600 TRES RIOS";452;452;709926,01;589177,29;-;-;120748,72;-;-;1570,63;1570,63;2030;4,5;37;8,19
"330610 VALENCA";756;756;1172878,87;931007,87;31323,39;-;194971,17;15576,44;-;1551,43;1551,43;4163;5,5;41;5,42
"330615 VARRE-SAI";32;32;13979,27;11503,48;-;-;2475,79;-;-;436,85;436,85;76;2,4;-;-
"330620 VASSOURAS";529;529;1866310,47;1386971,06;-;-;479339,41;-;-;3528,00;3528,00;3228;6,1;45;8,51
"330630 VOLTA REDONDA";2361;2361;5284717,75;4113144,95;148354,14;-;948260,76;74957,90;-;2238,34;2238,34;13008;5,5;204;8,64
"350010 ADAMANTINA";509;406;655330,33;561683,38;1680,11;-;91262,14;704,70;-;1287,49;1614,11;4467;11,0;27;6,65
"350030 AGUAI";54;54;26818,77;23872,03;-;-;2946,74;-;-;496,64;496,64;321;5,9;5;9,26
"350050 AGUAS DE LINDOIA";73;73;34356,43;29229,83;-;-;5126,60;-;-;470,64;470,64;263;3,6;14;19,18
"350070 AGUDOS";110;110;51734,45;34032,70;-;-;17701,75;-;-;470,31;470,31;168;1,5;1;0,91
"350100 ALTINOPOLIS";214;214;69253,14;53208,09;-;-;16045,05;-;-;323,61;323,61;322;1,5;3;1,40
"350110 ALTO ALEGRE";4;4;652,32;536,50;-;-;115,82;-;-;163,08;163,08;28;7,0;-;-
"350130 ALVARES MACHADO";67;67;25454,91;22949,61;-;-;2505,30;-;-;379,92;379,92;240;3,6;4;5,97
"350160 AMERICANA";722;707;901905,96;742343,22;-;-;159562,74;-;-;1249,18;1275,68;4415;6,2;61;8,63
"350170 AMERICO BRASILIENSE";692;643;749694,55;592170,40;-;-;157524,15;-;-;1083,37;1165,93;3450;5,4;20;3,11
"350190 AMPARO";523;369;751921,60;649866,75;-;-;102054,85;-;-;1437,71;2037,73;5839;15,8;32;8,67
"350210 ANDRADINA";179;179;116827,47;94622,15;-;-;22205,32;-;-;652,67;652,67;594;3,3;13;7,26
"350220 ANGATUBA";114;114;54178,50;40734,53;-;-;13443,97;-;-;475,25;475,25;560;4,9;9;7,89
"350250 APARECIDA";402;402;483083,85;399542,11;1270,15;-;81939,56;332,03;-;1201,70;1201,70;1205;3,0;17;4,23
"350260 APARECIDA D'OESTE";1;1;249,85;216,91;-;-;32,94;-;-;249,85;249,85;2;2,0;-;-
"350270 APIAI";256;256;138832,51;105752,61;-;-;33079,90;-;-;542,31;542,31;859;3,4;7;2,73
"350280 ARACATUBA";1324;1264;3815436,58;3092489,99;-;-;722946,59;-;-;2881,75;3018,54;9760;7,7;140;11,08
"350310 ARANDU";8;8;3100,32;2665,63;-;-;434,69;-;-;387,54;387,54;35;4,4;-;-
"350320 ARARAQUARA";1172;1165;2067920,95;1669034,68;4122,52;-;393116,90;1646,85;-;1764,44;1775,04;5433;4,7;76;6,52
"350330 ARARAS";602;529;1097831,62;888927,73;569,95;-;207910,63;423,31;-;1823,64;2075,30;4612;8,7;31;5,86
"350340 AREALVA";10;10;3293,90;2780,71;-;-;513,19;-;-;329,39;329,39;25;2,5;1;10,00
"350390 ARUJA";111;111;57285,70;41946,53;-;-;15339,17;-;-;516,09;516,09;338;3,0;10;9,01
"350400 ASSIS";857;857;1305806,91;1043684,72;10551,91;-;243281,09;8289,19;-;1523,70;1523,70;3355;3,9;40;4,67
"350410 ATIBAIA";710;710;442952,77;337034,14;-;-;105918,63;-;-;623,88;623,88;2729;3,8;54;7,61
"350420 AURIFLAMA";134;134;86949,03;61020,12;-;-;25928,91;-;-;648,87;648,87;254;1,9;4;2,99
"350450 AVARE";663;663;875747,76;716078,56;-;-;159669,20;-;-;1320,89;1320,89;2829;4,3;35;5,28
"350520 BARIRI";150;150;68622,62;51517,84;-;-;17104,78;-;-;457,48;457,48;460;3,1;13;8,67
"350530 BARRA BONITA";170;170;104202,35;84757,31;-;-;19445,04;-;-;612,96;612,96;531;3,1;12;7,06
"350550 BARRETOS";2294;2257;6848851,80;5486859,74;2738,39;-;1358045,02;1208,65;-;2985,55;3034,49;12607;5,6;184;8,15
"350570 BARUERI";3053;3053;2510001,32;1990825,32;-;-;519176,00;-;-;822,14;822,14;12111;4,0;84;2,75
"350580 BASTOS";86;86;29068,01;24006,62;-;-;5061,39;-;-;338,00;338,00;236;2,7;1;1,16
"350590 BATATAIS";427;423;425115,90;361661,11;-;-;63454,79;-;-;995,59;1005,00;1316;3,1;20;4,73
"350600 BAURU";3728;3727;6350174,14;5166324,89;-;-;1183849,25;-;-;1703,37;1703,83;20609;5,5;131;3,51
"350610 BEBEDOURO";436;436;261445,08;198869,23;-;-;62575,85;-;-;599,64;599,64;1145;2,6;20;4,59
"350630 BERNARDINO DE CAMPOS";56;56;24190,91;21298,51;-;-;2892,40;-;-;431,98;431,98;293;5,2;6;10,71
"350635 BERTIOGA";273;273;123755,34;91316,43;-;-;32438,91;-;-;453,32;453,32;761;2,8;13;4,76
"350640 BILAC";9;9;3543,08;3002,94;-;-;540,14;-;-;393,68;393,68;37;4,1;-;-
"350650 BIRIGUI";401;401;413836,93;325482,60;-;-;88354,33;-;-;1032,01;1032,01;1905;4,8;22;5,49
"350670 BOA ESPERANCA DO SUL";5;5;2161,41;1878,97;-;-;282,44;-;-;432,28;432,28;16;3,2;1;20,00
"350680 BOCAINA";14;14;7322,18;6422,03;-;-;900,15;-;-;523,01;523,01;46;3,3;3;21,43
"350700 BOITUVA";252;252;133699,12;101811,45;-;-;31887,67;-;-;530,55;530,55;661;2,6;10;3,97
"350710 BOM JESUS DOS PERDOES";10;10;5106,75;4647,33;-;-;459,42;-;-;510,68;510,68;152;15,2;2;20,00
"350740 BORBOREMA";57;57;27120,30;21854,28;-;-;5266,02;-;-;475,79;475,79;237;4,2;1;1,75
"350750 BOTUCATU";2660;2641;7359452,54;5967641,37;13909,37;-;1368536,80;9365,00;-;2766,71;2786,62;14987;5,7;121;4,58
"350760 BRAGANCA PAULISTA";1589;1589;2832656,32;2244242,51;1585,60;-;586497,72;330,49;-;1782,67;1782,67;5921;3,7;72;4,53
"350790 BROTAS";51;51;31791,00;26350,70;-;-;5440,30;-;-;623,35;623,35;314;6,2;2;3,92
"350810 BURITAMA";43;43;25421,54;21821,76;-;-;3599,78;-;-;591,20;591,20;144;3,3;3;6,98
"350840 CABREUVA";37;37;21363,68;15053,92;-;-;6309,76;-;-;577,40;577,40;115;3,1;2;5,41
"350850 CACAPAVA";458;458;570201,08;476877,98;-;-;93323,10;-;-;1244,98;1244,98;2337;5,1;37;8,08
"350860 CACHOEIRA PAULISTA";87;87;25132,58;21673,91;-;-;3458,67;-;-;288,88;288,88;304;3,5;10;11,49
"350870 CACONDE";135;97;120626,39;103172,64;-;-;17453,75;-;-;893,53;1243,57;1416;14,6;3;3,09
"350880 CAFELANDIA";77;77;36969,25;29356,97;-;-;7612,28;-;-;480,12;480,12;203;2,6;2;2,60
"350900 CAIEIRAS";326;326;177476,25;122436,51;-;-;55039,74;-;-;544,41;544,41;1455;4,5;5;1,53
"350920 CAJAMAR";308;308;113811,07;84783,02;-;-;29028,05;-;-;369,52;369,52;901;2,9;14;4,55
"350930 CAJOBI";43;43;20373,41;16246,13;-;-;4127,28;-;-;473,80;473,80;92;2,1;-;-
"350940 CAJURU";233;233;108048,12;87923,29;-;-;20124,83;-;-;463,73;463,73;815;3,5;4;1,72
"350950 CAMPINAS";7970;7970;19672869,42;15752248,15;-;-;3920621,27;-;-;2468,37;2468,37;45935;5,8;441;5,53
"350960 CAMPO LIMPO PAULISTA";355;355;350281,80;287187,00;-;-;63094,80;-;-;986,71;986,71;1036;2,9;15;4,23
"350970 CAMPOS DO JORDAO";432;306;483328,54;355976,89;617,07;-;126102,28;632,30;-;1118,82;1579,51;4769;15,6;21;6,86
"351000 CANDIDO MOTA";181;181;102526,50;74714,54;-;-;27811,96;-;-;566,44;566,44;521;2,9;7;3,87
"351020 CAPAO BONITO";260;260;242691,99;191420,28;1106,68;-;49523,72;641,31;-;933,43;933,43;757;2,9;23;8,85
"351040 CAPIVARI";257;257;312352,05;257098,15;-;-;55253,90;-;-;1215,38;1215,38;958;3,7;25;9,73
"351050 CARAGUATATUBA";1783;1783;1972896,39;1597374,79;-;-;375521,60;-;-;1106,50;1106,50;6516;3,7;69;3,87
"351060 CARAPICUIBA";1659;1659;1584253,88;1237106,69;-;-;347147,19;-;-;954,95;954,95;5875;3,5;57;3,44
"351070 CARDOSO";47;47;23302,67;19446,76;-;-;3855,91;-;-;495,80;495,80;142;3,0;2;4,26
"351080 CASA BRANCA";262;181;195507,32;153417,51;5510,76;-;32891,38;3687,67;-;746,21;1080,15;2934;16,2;9;4,97
"351100 CASTILHO";34;34;15095,87;13201,15;-;-;1894,72;-;-;444,00;444,00;113;3,3;3;8,82
"351110 CATANDUVA";1573;1460;3385678,99;2747088,55;-;-;638590,44;-;-;2152,37;2318,96;11397;7,8;92;6,30
"351140 CERQUEIRA CESAR";112;112;51282,10;41490,33;-;-;9791,77;-;-;457,88;457,88;270;2,4;6;5,36
"351150 CERQUILHO";87;87;44855,00;31838,80;-;-;13016,20;-;-;515,57;515,57;178;2,0;3;3,45
"351160 CESARIO LANGE";44;44;19343,18;15320,11;-;-;4023,07;-;-;439,62;439,62;162;3,7;3;6,82
"351170 CHARQUEADA";18;18;5243,00;4586,62;-;-;656,38;-;-;291,28;291,28;45;2,5;-;-
"351190 CLEMENTINA";27;27;9845,59;8195,10;-;-;1650,49;-;-;364,65;364,65;96;3,6;2;7,41
"351200 COLINA";85;85;58650,15;45703,24;-;-;12946,91;-;-;690,00;690,00;322;3,8;3;3,53
"351220 CONCHAL";155;155;74504,19;60935,98;-;-;13568,21;-;-;480,67;480,67;416;2,7;7;4,52
"351230 CONCHAS";30;30;10299,65;9080,42;-;-;1219,23;-;-;343,32;343,32;112;3,7;1;3,33
"351280 COSMOPOLIS";139;139;187123,57;156562,19;-;-;30561,38;-;-;1346,21;1346,21;696;5,0;13;9,35
"351300 COTIA";1273;1273;1377873,38;1102508,35;-;-;275365,03;-;-;1082,38;1082,38;4920;3,9;59;4,63
"351310 CRAVINHOS";58;58;22888,00;19843,76;-;-;3044,24;-;-;394,62;394,62;198;3,4;7;12,07
"351340 CRUZEIRO";445;445;618667,95;520611,30;-;-;98056,65;-;-;1390,27;1390,27;2278;5,1;45;10,11
"351350 CUBATAO";501;501;715793,22;577797,14;5157,33;-;130158,65;2680,10;-;1428,73;1428,73;3335;6,7;21;4,19
"351360 CUNHA";91;91;51630,40;41945,37;-;-;9685,03;-;-;567,37;567,37;357;3,9;7;7,69
"351370 DESCALVADO";180;180;158289,33;80083,35;1086,75;29362,30;29026,94;534,16;18195,83;879,39;879,39;349;1,9;9;5,00
"351380 DIADEMA";1878;1878;2716134,49;2245332,17;9027,70;-;456520,84;5253,78;-;1446,29;1446,29;11457;6,1;105;5,59
"351390 DIVINOLANDIA";430;300;515840,10;390242,38;14654,66;-;98008,95;12934,11;-;1199,63;1719,47;4287;14,3;5;1,67
"351410 DOIS CORREGOS";116;116;50233,84;41983,58;-;-;8250,26;-;-;433,05;433,05;494;4,3;6;5,17
"351440 DRACENA";270;270;569632,00;489876,83;-;-;79755,17;-;-;2109,75;2109,75;1724;6,4;22;8,15
"351450 DUARTINA";104;104;42694,41;36460,58;-;-;6233,83;-;-;410,52;410,52;231;2,2;2;1,92
"351500 EMBU DAS ARTES";291;291;150090,66;110269,54;-;-;39821,12;-;-;515,78;515,78;1004;3,5;13;4,47
"351510 EMBU-GUACU";173;173;64721,60;55511,92;-;-;9209,68;-;-;374,11;374,11;261;1,5;16;9,25
"351518 ESPIRITO SANTO DO PINHAL";567;325;736675,39;631794,05;-;-;104881,34;-;-;1299,25;2266,69;8632;26,6;9;2,77
"351520 ESTRELA D'OESTE";44;44;17572,28;13642,94;-;-;3929,34;-;-;399,37;399,37;142;3,2;1;2,27
"351540 FARTURA";79;79;37858,75;29653,93;-;-;8204,82;-;-;479,22;479,22;329;4,2;7;8,86
"351550 FERNANDOPOLIS";599;599;579263,16;485543,55;3340,77;-;89124,03;1254,81;-;967,05;967,05;1977;3,3;16;2,67
"351570 FERRAZ DE VASCONCELOS";821;821;566040,90;437826,65;-;-;128214,25;-;-;689,45;689,45;4038;4,9;66;8,04
"351600 FLORIDA PAULISTA";62;62;20362,15;17430,57;-;-;2931,58;-;-;328,42;328,42;182;2,9;1;1,61
"351620 FRANCA";1947;1896;4058586,09;3226497,43;2955,64;-;827750,43;1382,59;-;2084,53;2140,60;10109;5,3;115;6,07
"351630 FRANCISCO MORATO";880;880;1018251,28;819571,33;-;-;198679,95;-;-;1157,10;1157,10;4353;4,9;49;5,57
"351640 FRANCO DA ROCHA";762;762;857848,67;699131,39;-;-;158717,28;-;-;1125,79;1125,79;5428;7,1;52;6,82
"351660 GALIA";9;9;5407,42;4646,42;-;-;761,00;-;-;600,82;600,82;132;14,7;1;11,11
"351670 GARCA";365;210;535382,91;459996,08;-;-;75386,83;-;-;1466,80;2549,44;5753;27,4;21;10,00
"351690 GENERAL SALGADO";37;37;17519,50;15829,11;-;-;1690,39;-;-;473,50;473,50;148;4,0;-;-
"351700 GETULINA";32;32;9291,85;8034,89;-;-;1256,96;-;-;290,37;290,37;158;4,9;-;-
"351740 GUAIRA";253;253;166827,55;126351,88;-;-;40475,67;-;-;659,40;659,40;617;2,4;5;1,98
"351770 GUARA";72;72;38890,84;28963,54;-;-;9927,30;-;-;540,15;540,15;151;2,1;2;2,78
"351780 GUARACAI";41;41;20019,38;15347,54;-;-;4671,84;-;-;488,28;488,28;162;4,0;4;9,76
"351820 GUARARAPES";113;113;63576,55;51202,19;-;-;12374,36;-;-;562,62;562,62;598;5,3;5;4,42
"351830 GUARAREMA";87;87;34480,32;24256,86;-;-;10223,46;-;-;396,33;396,33;267;3,1;3;3,45
"351840 GUARATINGUETA";504;504;1039409,75;856719,90;-;-;182689,85;-;-;2062,32;2062,32;2799;5,6;30;5,95
"351860 GUARIBA";117;117;57648,18;44658,36;-;-;12989,82;-;-;492,72;492,72;291;2,5;5;4,27
"351870 GUARUJA";1076;1066;2004629,57;1645116,61;-;-;359512,96;-;-;1863,04;1880,52;6388;6,0;63;5,91
"351880 GUARULHOS";5358;4840;6828208,25;5616513,60;-;-;1211694,65;-;-;1274,39;1410,79;40868;8,4;342;7,07
"351900 HERCULANDIA";87;87;32822,26;28716,42;-;-;4105,84;-;-;377,27;377,27;301;3,5;3;3,45
"351907 HORTOLANDIA";431;431;412667,52;340072,95;-;-;72594,57;-;-;957,47;957,47;1699;3,9;29;6,73
"351910 IACANGA";20;20;3395,00;2480,81;-;-;914,19;-;-;169,75;169,75;66;3,3;-;-
"351930 IBATE";68;68;40471,83;28392,18;-;-;12079,65;-;-;595,17;595,17;127;1,9;1;1,47
"351940 IBIRA";34;34;14575,90;12994,41;-;-;1581,49;-;-;428,70;428,70;89;2,6;1;2,94
"351960 IBITINGA";293;293;223086,70;186795,45;-;-;36291,25;-;-;761,39;761,39;816;2,8;14;4,78
"351970 IBIUNA";357;357;252856,12;203488,86;-;-;49367,26;-;-;708,28;708,28;1085;3,0;10;2,80
"351990 IEPE";62;62;27928,08;22816,63;-;-;5111,45;-;-;450,45;450,45;188;3,0;1;1,61
"352010 IGARAPAVA";113;113;53513,29;44692,50;-;-;8820,79;-;-;473,57;473,57;555;4,9;9;7,96
"352040 ILHABELA";307;307;215017,46;166604,06;-;-;48413,40;-;-;700,38;700,38;720;2,3;4;1,30
"352044 ILHA SOLTEIRA";227;227;194964,26;161414,37;-;-;33549,89;-;-;858,87;858,87;829;3,7;15;6,61
"352050 INDAIATUBA";1431;1370;1599712,98;1243313,40;40134,62;-;295167,19;21097,77;-;1117,90;1167,67;6187;4,5;34;2,48
"352070 INDIAPORA";33;33;13234,14;9832,04;-;-;3402,10;-;-;401,03;401,03;84;2,5;-;-
"352090 IPAUSSU";50;50;22446,31;17692,49;-;-;4753,82;-;-;448,93;448,93;184;3,7;4;8,00
"352130 IPUA";51;51;23617,04;16762,75;-;-;6854,29;-;-;463,08;463,08;157;3,1;2;3,92
"352170 ITABERA";84;84;46327,02;29399,09;-;-;16927,93;-;-;551,51;551,51;205;2,4;3;3,57
"352180 ITAI";33;33;12945,79;11258,51;-;-;1687,28;-;-;392,30;392,30;183;5,5;3;9,09
"352190 ITAJOBI";53;53;16356,52;14712,82;-;-;1643,70;-;-;308,61;308,61;349;6,6;1;1,89
"352210 ITANHAEM";905;905;1153973,90;947883,72;-;-;206090,18;-;-;1275,11;1275,11;4244;4,7;51;5,64
"352220 ITAPECERICA DA SERRA";1453;1453;1733625,31;1407768,52;-;-;325856,79;-;-;1193,14;1193,14;5875;4,0;88;6,06
"352230 ITAPETININGA";969;969;1092851,24;908339,24;-;-;184512,00;-;-;1127,81;1127,81;5292;5,5;75;7,74
"352240 ITAPEVA";712;712;1053903,63;867347,24;-;-;186556,39;-;-;1480,20;1480,20;3044;4,3;64;8,99
"352250 ITAPEVI";1434;1434;1382389,16;1081142,27;-;-;301246,89;-;-;964,01;964,01;6721;4,7;45;3,14
"352260 ITAPIRA";856;547;1026203,64;871672,46;5038,35;-;147233,86;2258,97;-;1198,84;1876,06;11420;20,9;19;3,47
"352270 ITAPOLIS";247;247;295899,91;245115,12;1010,85;-;48826,18;947,76;-;1197,98;1197,98;813;3,3;14;5,67
"352280 ITAPORANGA";84;84;38276,77;29342,15;-;-;8934,62;-;-;455,68;455,68;176;2,1;5;5,95
"352290 ITAPUI";27;27;9482,54;8300,27;-;-;1182,27;-;-;351,21;351,21;104;3,9;1;3,70
"352310 ITAQUAQUECETUBA";1240;1240;1574399,91;1269645,42;-;-;304754,49;-;-;1269,68;1269,68;7705;6,2;77;6,21
"352320 ITARARE";390;390;216165,89;186553,86;-;-;29612,03;-;-;554,27;554,27;672;1,7;10;2,56
"352340 ITATIBA";450;450;365928,10;289723,04;-;-;76205,06;-;-;813,17;813,17;1368;3,0;11;2,44
"352350 ITATINGA";27;27;9425,02;8298,38;-;-;1126,64;-;-;349,07;349,07;137;5,1;3;11,11
"352360 ITIRAPINA";10;10;4784,68;4285,47;-;-;499,21;-;-;478,47;478,47;26;2,6;3;30,00
"352390 ITU";907;737;1330779,96;1131947,15;-;-;198832,81;-;-;1467,23;1805,67;8177;11,1;37;5,02
"352400 ITUPEVA";154;154;75431,18;56602,33;-;-;18828,85;-;-;489,81;489,81;401;2,6;6;3,90
"352410 ITUVERAVA";294;294;407022,48;341308,18;-;-;65714,30;-;-;1384,43;1384,43;937;3,2;25;8,50
"352420 JABORANDI";2;2;954,92;848,63;-;-;106,29;-;-;477,46;477,46;20;10,0;1;50,00
"352430 JABOTICABAL";193;193;164625,85;131359,82;-;-;33266,03;-;-;852,98;852,98;705;3,7;6;3,11
"352440 JACAREI";1093;1093;1865995,57;1526651,78;-;-;339343,79;-;-;1707,22;1707,22;5058;4,6;74;6,77
"352450 JACI";207;68;364459,06;317578,35;-;-;46880,71;-;-;1760,67;5359,69;4560;67,1;-;-
"352470 JAGUARIUNA";308;308;425197,62;339551,12;5442,32;-;76978,95;3225,23;-;1380,51;1380,51;1215;3,9;18;5,84
"352480 JALES";633;633;818973,97;672526,13;-;-;146447,84;-;-;1293,80;1293,80;2077;3,3;35;5,53
"352520 JARINU";30;30;3740,81;3159,93;-;-;580,88;-;-;124,69;124,69;130;4,3;1;3,33
"352530 JAU";2469;2391;5845746,77;4757772,42;-;-;1087974,35;-;-;2367,66;2444,90;15487;6,5;126;5,27
"352550 JOANOPOLIS";15;15;7090,86;6336,80;-;-;754,06;-;-;472,72;472,72;72;4,8;1;6,67
"352570 JOSE BONIFACIO";112;112;62327,96;51069,86;-;-;11258,10;-;-;556,50;556,50;329;2,9;5;4,46
"352590 JUNDIAI";4100;4100;5175106,30;3990177,32;-;-;1184928,98;-;-;1262,22;1262,22;15414;3,8;162;3,95
"352600 JUNQUEIROPOLIS";108;108;42051,38;32564,02;-;-;9487,36;-;-;389,36;389,36;469;4,3;5;4,63
"352640 LARANJAL PAULISTA";125;125;60339,06;45547,14;-;-;14791,92;-;-;482,71;482,71;345;2,8;6;4,80
"352670 LEME";465;465;456811,12;372104,57;-;-;84706,55;-;-;982,39;982,39;2009;4,3;38;8,17
"352680 LENCOIS PAULISTA";271;271;303996,36;238593,49;-;-;65402,87;-;-;1121,76;1121,76;806;3,0;12;4,43
"352690 LIMEIRA";1490;1490;3583269,49;2824591,65;-;-;758677,84;-;-;2404,88;2404,88;5773;3,9;58;3,89
"352710 LINS";660;566;909434,71;784054,32;-;-;125380,39;-;-;1377,93;1606,78;6058;10,7;48;8,48
"352720 LORENA";434;434;698525,62;584795,04;-;-;113730,58;-;-;1609,51;1609,51;2242;5,2;33;7,60
"352730 LOUVEIRA";259;259;148158,89;104933,60;-;-;43225,29;-;-;572,04;572,04;543;2,1;5;1,93
"352740 LUCELIA";47;47;16421,29;14265,09;-;-;2156,20;-;-;349,39;349,39;236;5,0;9;19,15
"352800 MACATUBA";81;81;30446,57;24163,88;-;-;6282,69;-;-;375,88;375,88;186;2,3;5;6,17
"352810 MACAUBAL";2;2;821,12;709,15;-;-;111,97;-;-;410,56;410,56;8;4,0;1;50,00
"352850 MAIRIPORA";281;281;107285,80;96588,34;-;-;10697,46;-;-;381,80;381,80;753;2,7;7;2,49
"352880 MARACAI";75;75;34348,33;24952,87;-;-;9395,46;-;-;457,98;457,98;311;4,1;1;1,33
"352900 MARILIA";2331;2284;5512046,51;4223791,01;105789,98;-;1131291,72;51173,80;-;2364,67;2413,33;13907;6,1;123;5,39
"352920 MARTINOPOLIS";196;196;121140,67;96057,00;-;-;25083,67;-;-;618,06;618,06;547;2,8;4;2,04
"352930 MATAO";441;441;1068103,23;851930,60;-;-;216172,63;-;-;2422,00;2422,00;2227;5,0;29;6,58
"352940 MAUA";1087;1087;1533100,99;1245170,79;2770,21;-;284089,77;1070,22;-;1410,40;1410,40;6098;5,6;79;7,27
"352970 MIGUELOPOLIS";114;114;51938,91;43422,23;-;-;8516,68;-;-;455,60;455,60;369;3,2;-;-
"353010 MIRANDOPOLIS";219;219;235984,61;195357,58;-;-;40627,03;-;-;1077,56;1077,56;940;4,3;18;8,22
"353030 MIRASSOL";163;163;67812,64;49486,52;-;-;18326,12;-;-;416,03;416,03;350;2,1;5;3,07
"353050 MOCOCA";266;266;396807,45;332106,81;-;-;64700,64;-;-;1491,76;1491,76;1049;3,9;26;9,77
"353060 MOGI DAS CRUZES";2940;2888;4793415,33;3872952,64;-;-;920462,69;-;-;1630,41;1659,77;16097;5,6;177;6,13
"353070 MOGI GUACU";918;918;1662825,70;1384413,53;983,94;-;276779,90;648,33;-;1811,36;1811,36;4768;5,2;78;8,50
"353080 MOGI MIRIM";424;377;1073859,43;894534,77;2043,37;-;175991,50;1289,79;-;2532,69;2848,43;3564;9,5;24;6,37
"353110 MONGAGUA";92;92;25315,88;21964,73;-;-;3351,15;-;-;275,17;275,17;261;2,8;4;4,35
"353130 MONTE ALTO";213;213;384194,95;320750,08;-;-;63444,87;-;-;1803,73;1803,73;1042;4,9;10;4,69
"353140 MONTE APRAZIVEL";175;175;73706,56;55404,44;597,10;-;17432,14;272,88;-;421,18;421,18;439;2,5;4;2,29
"353150 MONTE AZUL PAULISTA";105;105;73279,68;57736,94;-;-;15542,74;-;-;697,90;697,90;280;2,7;2;1,90
"353180 MONTE MOR";107;107;40836,56;27636,73;-;-;13199,83;-;-;381,65;381,65;322;3,0;9;8,41
"353190 MORRO AGUDO";105;105;137020,90;113356,70;-;-;23664,20;-;-;1304,96;1304,96;343;3,3;4;3,81
"353200 MORUNGABA";6;6;3454,25;3105,08;-;-;349,17;-;-;575,71;575,71;17;2,8;1;16,67
"353240 NAZARE PAULISTA";38;38;14507,22;12856,80;-;-;1650,42;-;-;381,77;381,77;200;5,3;4;10,53
"353250 NEVES PAULISTA";4;4;1379,92;1202,01;-;-;177,91;-;-;344,98;344,98;11;2,8;1;25,00
"353260 NHANDEARA";127;116;88940,54;66956,64;-;-;21983,90;-;-;700,32;766,73;663;5,7;7;6,03
"353290 NOVA EUROPA";12;12;6033,08;4347,15;298,55;-;1250,94;136,44;-;502,76;502,76;35;2,9;-;-
"353300 NOVA GRANADA";128;128;48428,07;42201,55;-;-;6226,52;-;-;378,34;378,34;385;3,0;3;2,34
"353340 NOVA ODESSA";141;141;65314,38;54289,25;-;-;11025,13;-;-;463,22;463,22;541;3,8;13;9,22
"353350 NOVO HORIZONTE";182;182;188124,20;151432,30;-;-;36691,90;-;-;1033,65;1033,65;484;2,7;9;4,95
"353390 OLIMPIA";324;324;294218,32;240337,05;-;-;53881,27;-;-;908,08;908,08;1306;4,0;16;4,94
"353430 ORLANDIA";238;238;97054,70;77164,57;-;-;19890,13;-;-;407,79;407,79;413;1,7;10;4,20
"353440 OSASCO";2407;2407;2876821,21;2332993,25;-;-;543827,96;-;-;1195,19;1195,19;15592;6,5;190;7,89
"353460 OSVALDO CRUZ";197;197;109979,63;90866,29;390,88;-;18236,86;485,60;-;558,27;558,27;730;3,7;17;8,63
"353470 OURINHOS";720;720;1185505,93;960878,21;-;-;224627,72;-;-;1646,54;1646,54;2786;3,9;52;7,22
"353475 OUROESTE";40;40;18071,81;13278,67;-;-;4793,14;-;-;451,80;451,80;116;2,9;1;2,50
"353520 PALMEIRA D'OESTE";35;35;11537,89;9743,68;-;-;1794,21;-;-;329,65;329,65;85;2,4;-;-
"353530 PALMITAL";190;190;107464,35;73629,30;1784,03;-;30377,99;1673,03;-;565,60;565,60;380;2,0;6;3,16
"353550 PARAGUACU PAULISTA";277;277;450770,66;381663,13;1623,91;-;65850,51;1633,11;-;1627,33;1627,33;1154;4,2;27;9,75
"353580 PARANAPANEMA";57;57;23585,11;18761,44;-;-;4823,67;-;-;413,77;413,77;176;3,1;-;-
"353600 PARAPUA";39;39;13697,61;11911,37;-;-;1786,24;-;-;351,22;351,22;161;4,1;-;-
"353620 PARIQUERA-ACU";754;754;1170629,29;918153,18;12883,41;-;231725,64;7867,06;-;1552,56;1552,56;3827;5,1;67;8,89
"353630 PATROCINIO PAULISTA";57;57;26127,00;20999,78;-;-;5127,22;-;-;458,37;458,37;161;2,8;2;3,51
"353650 PAULINIA";598;598;628543,81;517843,17;-;-;110700,64;-;-;1051,08;1051,08;2700;4,5;26;4,35
"353660 PAULO DE FARIA";17;17;6948,47;6105,43;-;-;843,04;-;-;408,73;408,73;35;2,1;-;-
"353670 PEDERNEIRAS";159;159;160028,70;129397,67;-;-;30631,03;-;-;1006,47;1006,47;611;3,8;14;8,81
"353700 PEDREGULHO";80;80;32165,78;24111,28;-;-;8054,50;-;-;402,07;402,07;254;3,2;1;1,25
"353710 PEDREIRA";91;91;49470,09;38423,72;-;-;11046,37;-;-;543,63;543,63;246;2,7;7;7,69
"353730 PENAPOLIS";452;408;457425,86;378097,19;-;-;79328,67;-;-;1012,00;1121,14;2901;7,1;31;7,60
"353740 PEREIRA BARRETO";81;81;33393,67;25936,73;-;-;7456,94;-;-;412,27;412,27;230;2,8;4;4,94
"353760 PERUIBE";50;50;26827,65;15236,58;-;-;11591,07;-;-;536,55;536,55;141;2,8;-;-
"353780 PIEDADE";231;231;108088,04;84164,91;-;-;23923,13;-;-;467,91;467,91;884;3,8;16;6,93
"353790 PILAR DO SUL";119;119;45994,21;35573,95;-;-;10420,26;-;-;386,51;386,51;382;3,2;10;8,40
"353800 PINDAMONHANGABA";661;661;777006,20;610755,92;-;-;166250,28;-;-;1175,50;1175,50;3468;5,2;35;5,30
"353860 PIRACAIA";44;44;11162,62;9318,12;-;-;1844,50;-;-;253,70;253,70;160;3,6;-;-
"353870 PIRACICABA";2997;2997;5426788,92;4214464,98;-;-;1212323,94;-;-;1810,74;1810,74;10387;3,5;110;3,67
"353880 PIRAJU";190;190;87875,37;69136,59;-;-;18738,78;-;-;462,50;462,50;694;3,7;12;6,32
"353890 PIRAJUI";192;153;169835,03;142617,66;-;-;27217,37;-;-;884,56;1110,03;1643;10,7;10;6,54
"353900 PIRANGI";75;75;31672,68;23236,45;493,99;-;7563,00;379,24;-;422,30;422,30;195;2,6;1;1,33
"353930 PIRASSUNUNGA";208;208;206820,90;169836,57;-;-;36984,33;-;-;994,33;994,33;974;4,7;20;9,62
"353940 PIRATININGA";29;29;6188,29;5331,76;-;-;856,53;-;-;213,39;213,39;130;4,5;2;6,90
"353950 PITANGUEIRAS";132;132;66268,51;50027,48;-;-;16241,03;-;-;502,03;502,03;472;3,6;1;0,76
"354000 POMPEIA";44;44;20528,38;14543,18;-;-;5985,20;-;-;466,55;466,55;121;2,8;4;9,09
"354020 PONTAL";148;148;75481,10;45357,10;-;-;30124,00;-;-;510,01;510,01;274;1,9;3;2,03
"354040 POPULINA";9;9;4141,77;3533,48;-;-;608,29;-;-;460,20;460,20;42;4,7;-;-
"354060 PORTO FELIZ";295;294;269955,58;221464,41;-;-;48491,17;-;-;915,10;918,22;1056;3,6;15;5,10
"354070 PORTO FERREIRA";147;147;141906,86;115081,43;191,10;-;26509,49;124,84;-;965,35;965,35;465;3,2;9;6,12
"354080 POTIRENDABA";42;42;16311,99;13941,74;-;-;2370,25;-;-;388,38;388,38;87;2,1;-;-
"354100 PRAIA GRANDE";947;947;1099613,48;895116,76;-;-;204496,72;-;-;1161,15;1161,15;4829;5,1;30;3,17
"354120 PRESIDENTE BERNARDES";103;103;34775,19;29886,25;-;-;4888,94;-;-;337,62;337,62;266;2,6;2;1,94
"354130 PRESIDENTE EPITACIO";201;201;84955,58;67596,88;-;-;17358,70;-;-;422,66;422,66;604;3,0;18;8,96
"354140 PRESIDENTE PRUDENTE";3523;3425;6160716,60;4923535,54;153,31;-;1236843,84;183,91;-;1748,71;1798,75;20582;6,0;170;4,96
"354150 PRESIDENTE VENCESLAU";194;194;262288,73;224666,85;586,50;-;36794,74;240,64;-;1352,00;1352,00;793;4,1;10;5,15
"354160 PROMISSAO";277;277;250476,28;200488,53;-;-;49987,75;-;-;904,25;904,25;1008;3,6;21;7,58
"354190 QUELUZ";14;14;6316,05;5505,23;-;-;810,82;-;-;451,15;451,15;86;6,1;1;7,14
"354220 RANCHARIA";299;299;313495,55;252690,55;773,59;-;59169,24;862,17;-;1048,48;1048,48;875;2,9;15;5,02
"354240 REGENTE FEIJO";51;51;16275,61;14219,52;-;-;2056,09;-;-;319,13;319,13;131;2,6;2;3,92
"354260 REGISTRO";994;994;1079499,82;846829,34;6028,31;-;221502,64;5139,53;-;1086,02;1086,02;3523;3,5;24;2,41
"354290 RIBEIRAO BONITO";27;27;7030,25;5650,94;-;-;1379,31;-;-;260,38;260,38;57;2,1;2;7,41
"354300 RIBEIRAO BRANCO";35;35;14945,75;13132,30;-;-;1813,45;-;-;427,02;427,02;121;3,5;2;5,71
"354330 RIBEIRAO PIRES";191;191;120326,46;93919,60;-;-;26406,86;-;-;629,98;629,98;923;4,8;6;3,14
"354340 RIBEIRAO PRETO";6686;6591;14490878,66;11807566,75;3583,75;-;2677922,61;1805,55;-;2167,35;2198,59;31573;4,8;360;5,46
"354380 RINOPOLIS";11;11;4036,13;3505,00;-;-;531,13;-;-;366,92;366,92;32;2,9;-;-
"354390 RIO CLARO";859;779;1422774,15;1174287,37;-;-;248486,78;-;-;1656,31;1826,41;5880;7,5;43;5,52
"354400 RIO DAS PEDRAS";75;75;23915,41;18206,52;-;-;5708,89;-;-;318,87;318,87;167;2,2;2;2,67
"354420 RIOLANDIA";8;8;2850,97;2443,81;-;-;407,16;-;-;356,37;356,37;32;4,0;-;-
"354425 ROSANA";268;268;140684,59;110547,19;-;-;30137,40;-;-;524,94;524,94;888;3,3;5;1,87
"354490 SALES OLIVEIRA";29;29;13601,09;10293,89;-;-;3307,20;-;-;469,00;469,00;49;1,7;1;3,45
"354500 SALESOPOLIS";46;46;17162,85;14869,89;-;-;2292,96;-;-;373,11;373,11;116;2,5;3;6,52
"354520 SALTO";484;484;409663,63;320234,21;-;-;89429,42;-;-;846,41;846,41;1554;3,2;28;5,79
"354530 SALTO DE PIRAPORA";231;231;147546,38;93737,01;1096,18;-;52131,42;581,77;-;638,73;638,73;434;1,9;1;0,43
"354540 SALTO GRANDE";38;38;15836,85;12500,16;-;-;3336,69;-;-;416,76;416,76;88;2,3;2;5,26
"354560 SANTA ADELIA";37;37;22319,69;14184,63;298,55;-;7700,07;136,44;-;603,23;603,23;135;3,6;5;13,51
"354580 SANTA BARBARA D'OESTE";886;886;947545,10;741695,30;-;-;205849,80;-;-;1069,46;1069,46;1962;2,2;32;3,61
"354630 SANTA CRUZ DAS PALMEIRAS";108;108;50116,09;36431,44;-;-;13684,65;-;-;464,04;464,04;260;2,4;2;1,85
"354640 SANTA CRUZ DO RIO PARDO";341;341;307875,09;250162,96;-;-;57712,13;-;-;902,86;902,86;1062;3,1;16;4,69
"354660 SANTA FE DO SUL";232;232;278419,39;235848,52;1381,56;-;40621,05;568,26;-;1200,08;1200,08;1408;6,1;20;8,62
"354680 SANTA ISABEL";159;159;219106,23;178785,31;-;441,60;39879,32;-;-;1378,03;1378,03;870;5,5;10;6,29
"354730 SANTANA DE PARNAIBA";264;264;99977,44;77807,34;-;-;22170,10;-;-;378,70;378,70;1153;4,4;18;6,82
"354750 SANTA RITA DO PASSA QUATRO";195;136;144761,05;125014,78;-;-;19746,27;-;-;742,36;1064,42;2205;16,2;4;2,94
"354760 SANTA ROSA DE VITERBO";83;83;21752,97;18238,55;-;-;3514,42;-;-;262,08;262,08;264;3,2;-;-
"354770 SANTO ANASTACIO";166;166;55294,97;45644,85;-;-;9650,12;-;-;333,10;333,10;399;2,4;2;1,20
"354780 SANTO ANDRE";4744;4741;7573303,48;6057197,78;16557,24;-;1490343,81;9204,65;-;1596,40;1597,41;19709;4,2;297;6,26
"354790 SANTO ANTONIO DA ALEGRIA";14;14;6227,00;5404,36;-;-;822,64;-;-;444,79;444,79;31;2,2;-;-
"354850 SANTOS";2921;2919;5717691,41;4600944,50;-;-;1116746,91;-;-;1957,44;1958,78;16299;5,6;171;5,86
"354860 SAO BENTO DO SAPUCAI";8;8;4434,14;3822,34;-;-;611,80;-;-;554,27;554,27;30;3,8;2;25,00
"354870 SAO BERNARDO DO CAMPO";3351;3313;6424412,23;5048867,32;143861,90;-;1118965,90;112717,11;-;1917,16;1939,15;17876;5,4;149;4,50
"354880 SAO CAETANO DO SUL";1152;1152;1664752,68;1385359,57;17124,96;-;244801,60;17466,55;-;1445,10;1445,10;4990;4,3;88;7,64
"354890 SAO CARLOS";1623;1623;3037531,18;2426020,39;-;-;611510,79;-;-;1871,55;1871,55;6691;4,1;102;6,28
"354910 SAO JOAO DA BOA VISTA";523;523;743004,56;606767,85;-;-;136236,71;-;-;1420,66;1420,66;2026;3,9;43;8,22
"354940 SAO JOAQUIM DA BARRA";322;322;335927,57;280568,91;-;-;55358,66;-;-;1043,25;1043,25;1265;3,9;26;8,07
"354970 SAO JOSE DO RIO PARDO";363;363;344417,84;291363,68;-;-;53054,16;-;-;948,81;948,81;1268;3,5;22;6,06
"354980 SAO JOSE DO RIO PRETO";6418;6259;20000784,40;15841892,27;261575,73;-;3763555,27;133761,13;-;3116,36;3195,52;32270;5,2;344;5,50
"354990 SAO JOSE DOS CAMPOS";4824;4751;9270605,66;7541934,96;17103,10;-;1702883,82;8683,78;-;1921,77;1951,30;20963;4,4;292;6,15
"355000 SAO LUIS DO PARAITINGA";7;7;2053,08;1748,82;-;-;304,26;-;-;293,30;293,30;53;7,6;-;-
"355010 SAO MANUEL";107;107;33651,70;27313,97;-;-;6337,73;-;-;314,50;314,50;314;2,9;7;6,54
"355020 SAO MIGUEL ARCANJO";179;167;91856,66;72062,37;-;-;19794,29;-;-;513,17;550,04;1370;8,2;14;8,38
"355030 SAO PAULO";61646;60904;127268406,98;98810152,82;1578058,90;-;25585808,94;1294386,32;-;2064,50;2089,66;359311;5,9;3046;5,00
"355040 SAO PEDRO";317;317;369677,13;239194,10;42197,77;-;71084,99;17200,27;-;1166,17;1166,17;451;1,4;7;2,21
"355060 SAO ROQUE";327;327;343530,05;273329,79;-;-;70200,26;-;-;1050,55;1050,55;1378;4,2;27;8,26
"355070 SAO SEBASTIAO";323;323;212554,36;168751,33;-;-;43803,03;-;-;658,06;658,06;1060;3,3;9;2,79
"355080 SAO SEBASTIAO DA GRAMA";44;44;14164,07;11674,98;-;-;2489,09;-;-;321,91;321,91;161;3,7;2;4,55
"355090 SAO SIMAO";10;10;6551,88;5795,99;-;-;755,89;-;-;655,19;655,19;119;11,9;4;40,00
"355100 SAO VICENTE";960;960;790354,37;634732,19;989,33;-;154212,28;420,57;-;823,29;823,29;3443;3,6;44;4,58
"355150 SERRANA";374;374;392999,07;315004,00;-;-;77995,07;-;-;1050,80;1050,80;1746;4,7;11;2,94
"355160 SERRA NEGRA";101;101;52126,24;40433,63;-;-;11692,61;-;-;516,10;516,10;342;3,4;7;6,93
"355170 SERTAOZINHO";572;572;864885,24;679513,41;-;-;185371,83;-;-;1512,04;1512,04;1863;3,3;17;2,97
"355200 SILVEIRAS";2;2;586,12;490,30;-;-;95,82;-;-;293,06;293,06;6;3,0;1;50,00
"355210 SOCORRO";284;284;178355,94;143961,95;-;-;34393,99;-;-;628,01;628,01;787;2,8;16;5,63
"355220 SOROCABA";4880;4880;9382213,59;7489962,14;-;-;1892251,45;-;-;1922,58;1922,58;24377;5,0;264;5,41
"355230 SUD MENNUCCI";29;29;16240,07;11566,56;-;-;4673,51;-;-;560,00;560,00;90;3,1;-;-
"355240 SUMARE";1167;1167;2412912,52;1972561,27;-;-;440351,25;-;-;2067,62;2067,62;5526;4,7;44;3,77
"355250 SUZANO";414;414;552088,86;421095,25;-;-;130993,61;-;-;1333,55;1333,55;1579;3,8;12;2,90
"355260 TABAPUA";46;46;23744,87;21151,79;-;-;2593,08;-;-;516,19;516,19;214;4,7;3;6,52
"355270 TABATINGA";75;75;34574,71;26812,31;573,30;-;6814,58;374,52;-;461,00;461,00;279;3,7;4;5,33
"355280 TABOAO DA SERRA";1426;1426;2513554,41;1885427,56;8701,49;-;613686,09;5739,27;-;1762,66;1762,66;7496;5,3;58;4,07
"355300 TAGUAI";55;55;18121,64;13460,18;-;-;4661,46;-;-;329,48;329,48;137;2,5;2;3,64
"355330 TAMBAU";109;109;51262,53;37139,64;-;-;14122,89;-;-;470,30;470,30;358;3,3;4;3,67
"355340 TANABI";103;103;73797,30;65330,15;-;-;8467,15;-;-;716,48;716,48;864;8,4;4;3,88
"355360 TAPIRATIBA";19;19;10467,21;9181,09;-;-;1286,12;-;-;550,91;550,91;66;3,5;-;-
"355370 TAQUARITINGA";378;378;292889,95;242832,39;-;-;50057,56;-;-;774,84;774,84;1327;3,5;23;6,08
"355380 TAQUARITUBA";197;197;79549,75;61713,67;-;-;17836,08;-;-;403,81;403,81;676;3,4;9;4,57
"355400 TATUI";413;413;326955,73;251355,77;-;4797,60;70802,36;-;-;791,66;791,66;1699;4,1;19;4,60
"355410 TAUBATE";2096;2096;4686011,84;3641872,38;521,22;-;1043288,20;330,04;-;2235,69;2235,69;8975;4,3;90;4,29
"355430 TEODORO SAMPAIO";88;88;20868,29;17535,01;-;-;3333,28;-;-;237,14;237,14;254;2,9;4;4,55
"355450 TIETE";198;198;87842,35;64086,13;-;-;23756,22;-;-;443,65;443,65;614;3,1;6;3,03
"355470 TORRINHA";9;9;2467,16;2121,47;-;-;345,69;-;-;274,13;274,13;35;3,9;-;-
"355500 TUPA";882;704;1442489,83;1228212,40;-;-;214277,43;-;-;1635,48;2048,99;8338;11,8;50;7,10
"355510 TUPI PAULISTA";99;99;46947,00;40641,27;-;-;6305,73;-;-;474,21;474,21;402;4,1;8;8,08
"355540 UBATUBA";365;365;239114,32;191079,56;1312,24;-;46070,18;652,34;-;655,11;655,11;1245;3,4;9;2,47
"355580 URANIA";18;18;7224,71;6235,38;-;-;989,33;-;-;401,37;401,37;65;3,6;-;-
"355600 URUPES";32;32;16712,99;14684,15;-;-;2028,84;-;-;522,28;522,28;171;5,3;3;9,38
"355620 VALINHOS";401;401;592809,61;491898,67;-;-;100910,94;-;-;1478,33;1478,33;2024;5,0;24;5,99
"355630 VALPARAISO";71;71;36543,41;26906,70;-;-;9636,71;-;-;514,70;514,70;180;2,5;1;1,41
"355640 VARGEM GRANDE DO SUL";240;240;122880,88;98307,75;-;-;24573,13;-;-;512,00;512,00;778;3,2;11;4,58
"355670 VINHEDO";435;435;310117,58;250380,90;746,46;-;58744,23;245,99;-;712,91;712,91;1482;3,4;22;5,06
"355680 VIRADOURO";20;20;9420,20;8313,69;-;-;1106,51;-;-;471,01;471,01;48;2,4;-;-
"355700 VOTORANTIM";349;349;310883,49;236085,88;-;-;74797,61;-;-;890,78;890,78;1494;4,3;21;6,02
"355710 VOTUPORANGA";770;770;1457421,06;1131234,79;-;-;326186,27;-;-;1892,75;1892,75;3409;4,4;53;6,88
"355720 CHAVANTES";77;77;34149,59;29852,77;-;-;4296,82;-;-;443,50;443,50;207;2,7;2;2,60
"410050 ALTONIA";62;62;38283,20;26512,54;-;-;11770,66;-;-;617,47;617,47;124;2,0;1;1,61
"410060 ALTO PARANA";62;62;32206,98;28762,53;-;-;3444,45;-;-;519,47;519,47;216;3,5;-;-
"410080 ALVORADA DO SUL";10;10;2981,96;2513,37;-;-;468,59;-;-;298,20;298,20;37;3,7;-;-
"410090 AMAPORA";15;15;2981,95;2573,17;-;-;408,78;-;-;198,80;198,80;41;2,7;-;-
"410100 AMPERE";128;128;67200,61;56045,20;-;-;11155,41;-;-;525,00;525,00;327;2,6;5;3,91
"410110 ANDIRA";68;68;30419,06;24306,71;-;-;6112,35;-;-;447,34;447,34;197;2,9;1;1,47
"410120 ANTONINA";49;49;22166,10;19083,23;-;-;3082,87;-;-;452,37;452,37;151;3,1;1;2,04
"410140 APUCARANA";1224;1224;2050339,83;1689489,04;-;-;360850,79;-;-;1675,11;1675,11;4777;3,9;75;6,13
"410150 ARAPONGAS";1511;1511;6804457,22;4813658,09;-;-;1990799,13;-;-;4503,28;4503,28;6397;4,2;80;5,29
"410160 ARAPOTI";299;299;348650,45;259278,53;-;-;89371,92;-;-;1166,06;1166,06;591;2,0;5;1,67
"410170 ARARUNA";54;54;19335,96;14187,12;-;-;5148,84;-;-;358,07;358,07;150;2,8;2;3,70
"410180 ARAUCARIA";623;623;712391,50;578229,55;-;-;134161,95;-;-;1143,49;1143,49;2126;3,4;16;2,57
"410190 ASSAI";24;24;4493,53;3654,07;-;-;839,46;-;-;187,23;187,23;51;2,1;-;-
"410200 ASSIS CHATEAUBRIAND";453;453;550403,81;456833,84;-;-;93569,97;-;-;1215,02;1215,02;1112;2,5;18;3,97
"410210 ASTORGA";282;282;134338,43;107176,63;-;-;27161,80;-;-;476,38;476,38;908;3,2;6;2,13
"410240 BANDEIRANTES";277;277;341001,93;290075,70;-;-;50926,23;-;-;1231,05;1231,05;1114;4,0;14;5,05
"410290 BITURUNA";17;17;8462,45;7342,11;-;-;1120,34;-;-;497,79;497,79;76;4,5;1;5,88
"410305 BOA VISTA DA APARECIDA";42;42;20773,65;18097,38;-;-;2676,27;-;-;494,61;494,61;112;2,7;1;2,38
"410310 BOCAIUVA DO SUL";13;13;574,86;433,42;-;-;141,44;-;-;44,22;44,22;30;2,3;-;-
"410360 CAMBARA";39;39;20402,93;17016,79;-;-;3386,14;-;-;523,15;523,15;159;4,1;-;-
"410370 CAMBE";367;367;311834,61;253616,45;-;-;58218,16;-;-;849,69;849,69;1568;4,3;7;1,91
"410390 CAMPINA DA LAGOA";127;127;69625,25;60293,52;-;-;9331,73;-;-;548,23;548,23;343;2,7;2;1,57
"410400 CAMPINA GRANDE DO SUL";2856;2856;11097399,58;8145867,45;-;-;2951532,13;-;-;3885,64;3885,64;9636;3,4;163;5,71
"410420 CAMPO LARGO";5799;5759;20899863,45;16932228,71;8210,10;-;3949800,28;9624,36;-;3604,05;3629,08;26982;4,7;241;4,18
"410430 CAMPO MOURAO";1381;1381;2450441,66;1906869,91;-;670,74;542528,11;-;372,90;1774,40;1774,40;5626;4,1;103;7,46
"410440 CANDIDO DE ABREU";38;38;20594,15;15578,60;-;-;5015,55;-;-;541,95;541,95;138;3,6;-;-
"410442 CANDOI";92;92;55845,92;46431,02;-;-;9414,90;-;-;607,02;607,02;249;2,7;4;4,35
"410450 CAPANEMA";93;93;62421,86;53802,26;-;-;8619,60;-;-;671,20;671,20;226;2,4;2;2,15
"410460 CAPITAO LEONIDAS MARQUES";105;105;48730,45;40866,69;-;-;7863,76;-;-;464,10;464,10;240;2,3;7;6,67
"410470 CARLOPOLIS";343;343;304128,96;229859,84;572,94;-;73298,16;398,02;-;886,67;886,67;644;1,9;3;0,87
"410480 CASCAVEL";3981;3981;9041333,52;7317664,61;-;-;1723668,91;-;-;2271,12;2271,12;12762;3,2;155;3,89
"410490 CASTRO";216;216;400206,79;330647,55;2864,70;-;64704,44;1990,10;-;1852,81;1852,81;1013;4,7;20;9,26
"410510 CENTENARIO DO SUL";22;22;10032,43;9049,02;-;-;983,41;-;-;456,02;456,02;81;3,7;-;-
"410520 CERRO AZUL";52;52;21428,83;18775,11;-;-;2653,72;-;-;412,09;412,09;75;1,4;-;-
"410530 CEU AZUL";174;174;123780,98;90880,61;-;-;32900,37;-;-;711,38;711,38;269;1,5;4;2,30
"410540 CHOPINZINHO";256;256;314883,02;270299,41;-;-;44583,61;-;-;1230,01;1230,01;903;3,5;23;8,98
"410550 CIANORTE";784;784;752516,16;589638,35;-;-;162877,81;-;-;959,84;959,84;1685;2,1;35;4,46
"410560 CIDADE GAUCHA";43;43;18352,97;16288,87;-;-;2064,10;-;-;426,81;426,81;147;3,4;-;-
"410570 CLEVELANDIA";62;62;33477,05;29783,63;-;-;3693,42;-;-;539,95;539,95;151;2,4;2;3,23
"410580 COLOMBO";310;310;151800,47;93810,49;-;-;57989,98;-;-;489,68;489,68;732;2,4;-;-
"410590 COLORADO";471;471;620472,49;502268,03;-;-;118204,46;-;-;1317,35;1317,35;1625;3,5;23;4,88
"410620 CONTENDA";16;16;4824,19;4281,02;-;-;543,17;-;-;301,51;301,51;37;2,3;-;-
"410630 CORBELIA";433;433;240056,13;180774,35;1813,83;-;55285,34;2182,61;-;554,40;554,40;534;1,2;2;0,46
"410640 CORNELIO PROCOPIO";640;640;683976,71;576526,33;-;-;107450,38;-;-;1068,71;1068,71;2955;4,6;42;6,56
"410650 CORONEL VIVIDA";117;117;58692,57;40410,78;5113,71;-;9734,24;3433,84;-;501,65;501,65;264;2,3;2;1,71
"410660 CRUZEIRO DO OESTE";67;67;29703,75;20404,93;-;-;9298,82;-;-;443,34;443,34;140;2,1;1;1,49
"410670 CRUZEIRO DO SUL";5;5;1400,26;1224,05;-;-;176,21;-;-;280,05;280,05;13;2,6;-;-
"410680 CRUZ MACHADO";58;58;18786,53;15957,69;-;-;2828,84;-;-;323,91;323,91;204;3,5;3;5,17
"410690 CURITIBA";15380;15300;33956302,96;27280258,83;6336,78;-;6659926,97;9780,38;-;2207,82;2219,37;66354;4,3;618;4,04
"410710 DIAMANTE DO NORTE";8;8;1128,05;1010,98;-;-;117,07;-;-;141,01;141,01;14;1,8;2;25,00
"410720 DOIS VIZINHOS";398;398;211361,59;161402,10;4187,46;-;41710,52;4061,51;-;531,06;531,06;715;1,8;10;2,51
"410750 ENGENHEIRO BELTRAO";142;142;55319,56;44340,55;286,47;-;10493,53;199,01;-;389,57;389,57;367;2,6;4;2,82
"410753 ENTRE RIOS DO OESTE";25;25;11367,30;10004,89;-;-;1362,41;-;-;454,69;454,69;59;2,4;-;-
"410760 FAXINAL";241;241;295164,67;217561,88;-;-;77602,79;-;-;1224,75;1224,75;468;1,9;1;0,41
"410765 FAZENDA RIO GRANDE";151;151;64139,14;38547,43;-;-;25591,71;-;-;424,76;424,76;268;1,8;-;-
"410775 FIGUEIRA";25;25;8859,70;7800,50;-;-;1059,20;-;-;354,39;354,39;137;5,5;-;-
"410790 FLORESTA";18;18;5664,99;5044,45;-;-;620,54;-;-;314,72;314,72;48;2,7;-;-
"410800 FLORESTOPOLIS";9;9;4307,84;3803,31;-;-;504,53;-;-;478,65;478,65;46;5,1;-;-
"410820 FORMOSA DO OESTE";78;78;33768,88;27761,01;-;-;6007,87;-;-;432,93;432,93;199;2,6;1;1,28
"410830 FOZ DO IGUACU";1904;1904;3367403,19;2692932,46;-;-;674470,73;-;-;1768,59;1768,59;10334;5,4;119;6,25
"410840 FRANCISCO BELTRAO";2095;2095;3122586,85;2531845,69;-;-;590741,16;-;-;1490,49;1490,49;6359;3,0;75;3,58
"410860 GOIOERE";260;260;291074,74;237798,04;-;-;53276,70;-;-;1119,52;1119,52;967;3,7;15;5,77
"410880 GUAIRA";188;188;107678,99;85066,96;-;-;22612,03;-;-;572,76;572,76;694;3,7;7;3,72
"410890 GUAIRACA";6;6;2087,22;1875,28;-;-;211,94;-;-;347,87;347,87;22;3,7;-;-
"410930 GUARANIACU";155;155;83225,91;60197,25;5729,40;-;13319,06;3980,20;-;536,94;536,94;338;2,2;7;4,52
"410940 GUARAPUAVA";1584;1584;2530142,75;1939564,34;-;-;590578,41;-;-;1597,31;1597,31;5918;3,7;86;5,43
"410960 GUARATUBA";111;111;50459,79;37249,92;-;-;13209,87;-;-;454,59;454,59;337;3,0;4;3,60
"410970 IBAITI";18;18;6281,31;5498,44;-;-;782,87;-;-;348,96;348,96;57;3,2;-;-
"410975 IBEMA";32;32;15398,50;13268,82;-;-;2129,68;-;-;481,20;481,20;86;2,7;5;15,63
"410980 IBIPORA";421;421;198920,08;156178,70;-;-;42741,38;-;-;472,49;472,49;1336;3,2;9;2,14
"411030 INAJA";4;4;1270,05;1144,23;-;-;125,82;-;-;317,51;317,51;16;4,0;-;-
"411040 INDIANOPOLIS";18;18;8626,26;7637,00;-;-;989,26;-;-;479,24;479,24;60;3,3;1;5,56
"411060 IPORA";81;81;17796,46;14957,29;-;-;2839,17;-;-;219,71;219,71;-;-;-;-
"411070 IRATI";430;430;527926,73;426444,37;-;-;101482,36;-;-;1227,74;1227,74;1872;4,4;10;2,33
"411100 ITAMBARACA";15;15;6436,95;5746,09;-;-;690,86;-;-;429,13;429,13;55;3,7;-;-
"411125 ITAPERUCU";51;51;15161,33;13141,22;-;-;2020,11;-;-;297,28;297,28;76;1,5;2;3,92
"411130 ITAUNA DO SUL";9;9;2164,27;1814,92;-;-;349,35;-;-;240,47;240,47;19;2,1;-;-
"411140 IVAI";50;50;15266,60;13427,81;-;-;1838,79;-;-;305,33;305,33;133;2,7;2;4,00
"411150 IVAIPORA";618;618;1062713,22;911254,07;-;-;151459,15;-;-;1719,60;1719,60;2767;4,5;47;7,61
"411170 JABOTI";15;15;7536,43;6384,26;-;-;1152,17;-;-;502,43;502,43;55;3,7;-;-
"411180 JACAREZINHO";401;401;529315,96;429849,85;-;-;99466,11;-;-;1319,99;1319,99;1317;3,3;49;12,22
"411190 JAGUAPITA";34;34;13809,84;12153,27;-;-;1656,57;-;-;406,17;406,17;120;3,5;2;5,88
"411200 JAGUARIAIVA";161;161;78951,01;60012,72;-;-;18938,29;-;-;490,38;490,38;370;2,3;3;1,86
"411210 JANDAIA DO SUL";514;253;654914,92;573687,40;-;-;81227,52;-;-;1274,15;2588,60;8524;33,7;2;0,79
"411240 JAPURA";38;38;20236,67;18214,83;-;-;2021,84;-;-;532,54;532,54;111;2,9;4;10,53
"411250 JARDIM ALEGRE";74;74;35512,41;27942,30;-;-;7570,11;-;-;479,90;479,90;278;3,8;-;-
"411275 JESUITAS";55;55;24162,26;20377,42;-;-;3784,84;-;-;439,31;439,31;101;1,8;2;3,64
"411280 JOAQUIM TAVORA";32;32;10444,96;9211,36;-;-;1233,60;-;-;326,40;326,40;120;3,8;1;3,13
"411300 JUSSARA";21;21;4894,04;4245,06;-;-;648,98;-;-;233,05;233,05;42;2,0;-;-
"411310 KALORE";20;20;11253,25;9657,43;-;-;1595,82;-;-;562,66;562,66;69;3,5;-;-
"411320 LAPA";279;244;244509,24;179451,20;3818,40;-;56280,64;4959,00;-;876,38;1002,09;2096;8,6;16;6,56
"411330 LARANJEIRAS DO SUL";467;467;409591,81;339625,25;-;-;69966,56;-;-;877,07;877,07;1441;3,1;20;4,28
"411345 LINDOESTE";28;28;12034,59;10352,66;-;-;1681,93;-;-;429,81;429,81;106;3,8;-;-
"411350 LOANDA";571;537;333529,91;271678,17;-;-;61851,74;-;-;584,12;621,10;2498;4,7;8;1,49
"411370 LONDRINA";6899;6641;14560120,68;11704271,48;-;-;2855849,20;-;-;2110,47;2192,46;39032;5,9;388;5,84
"411375 LUNARDELLI";31;31;14451,36;12673,55;-;-;1777,81;-;-;466,17;466,17;87;2,8;-;-
"411380 LUPIONOPOLIS";5;5;2515,74;2176,12;-;-;339,62;-;-;503,15;503,15;24;4,8;-;-
"411390 MALLET";51;51;22327,12;19676,99;-;-;2650,13;-;-;437,79;437,79;147;2,9;1;1,96
"411420 MANDAGUARI";174;174;73111,87;57482,71;-;-;15629,16;-;-;420,18;420,18;499;2,9;5;2,87
"411430 MANDIRITUBA";46;46;11603,74;10265,34;-;-;1338,40;-;-;252,26;252,26;104;2,3;4;8,70
"411440 MANGUEIRINHA";87;87;49085,37;36441,50;-;-;12643,87;-;-;564,20;564,20;165;1,9;1;1,15
"411450 MANOEL RIBAS";31;31;16354,70;13691,32;-;-;2663,38;-;-;527,57;527,57;90;2,9;2;6,45
"411460 MARECHAL CANDIDO RONDON";71;71;34884,72;27068,26;-;-;7816,46;-;-;491,33;491,33;278;3,9;2;2,82
"411500 MARILENA";28;28;12775,46;11283,61;-;-;1491,85;-;-;456,27;456,27;87;3,1;1;3,57
"411520 MARINGA";4371;4371;8295751,58;6582233,58;-;-;1713518,00;-;-;1897,91;1897,91;16729;3,8;164;3,75
"411560 MATELANDIA";156;156;76176,21;57850,00;-;-;18326,21;-;-;488,31;488,31;371;2,4;5;3,21
"411570 MATINHOS";33;33;15289,26;10211,63;-;-;5077,63;-;-;463,31;463,31;68;2,1;-;-
"411580 MEDIANEIRA";295;295;260240,88;198587,53;-;-;61653,35;-;-;882,17;882,17;581;2,0;5;1,69
"411600 MIRASELVA";3;3;584,58;492,39;-;-;92,19;-;-;194,86;194,86;20;6,7;-;-
"411605 MISSAL";120;120;77097,98;40880,18;-;-;36217,80;-;-;642,48;642,48;214;1,8;-;-
"411620 MORRETES";29;29;12059,57;10520,05;-;-;1539,52;-;-;415,85;415,85;56;1,9;2;6,90
"411670 NOVA AURORA";307;307;257788,22;173085,12;13652,49;-;56607,57;14443,04;-;839,70;839,70;590;1,9;2;0,65
"411680 NOVA CANTU";10;10;5396,51;4872,65;-;-;523,86;-;-;539,65;539,65;30;3,0;1;10,00
"411690 NOVA ESPERANCA";43;43;18863,92;14529,67;-;-;4334,25;-;-;438,70;438,70;158;3,7;-;-
"411695 NOVA ESPERANCA DO SUDOESTE";11;11;488,13;371,18;-;-;116,95;-;-;44,38;44,38;16;1,5;3;27,27
"411700 NOVA FATIMA";13;13;6268,35;5464,49;-;-;803,86;-;-;482,18;482,18;54;4,2;-;-
"411710 NOVA LONDRINA";33;33;20021,40;16517,79;-;-;3503,61;-;-;606,71;606,71;92;2,8;-;-
"411720 NOVA OLIMPIA";5;5;1902,39;1640,73;-;-;261,66;-;-;380,48;380,48;36;7,2;1;20,00
"411722 NOVA SANTA ROSA";20;20;10047,45;9062,65;-;-;984,80;-;-;502,37;502,37;55;2,8;-;-
"411727 NOVA TEBAS";42;42;24072,17;16197,66;-;-;7874,51;-;-;573,15;573,15;80;1,9;1;2,38
"411750 PAICANDU";112;112;24662,56;21162,04;-;-;3500,52;-;-;220,20;220,20;419;3,7;4;3,57
"411760 PALMAS";244;244;303378,78;244086,99;-;-;59291,79;-;-;1243,36;1243,36;624;2,6;14;5,74
"411770 PALMEIRA";123;123;39384,99;34607,23;-;-;4777,76;-;-;320,20;320,20;358;2,9;3;2,44
"411790 PALOTINA";319;319;455347,76;382909,42;190,92;-;71999,47;247,95;-;1427,42;1427,42;1017;3,2;13;4,08
"411820 PARANAGUA";874;874;782583,13;619231,25;-;-;163351,88;-;-;895,40;895,40;2870;3,3;48;5,49
"411840 PARANAVAI";987;987;1107319,92;873840,78;-;-;233479,14;-;-;1121,90;1121,90;3521;3,6;44;4,46
"411845 PATO BRAGADO";67;67;26038,31;22558,23;-;-;3480,08;-;-;388,63;388,63;158;2,4;1;1,49
"411850 PATO BRANCO";1440;1440;2527609,07;2020050,19;-;-;507558,88;-;-;1755,28;1755,28;4992;3,5;65;4,51
"411890 PEROLA";8;8;4192,02;3759,09;-;-;432,93;-;-;524,00;524,00;20;2,5;-;-
"411910 PIEN";69;69;25282,56;22079,27;-;-;3203,29;-;-;366,41;366,41;183;2,7;-;-
"411915 PINHAIS";470;427;286275,38;225527,42;-;-;60747,96;-;-;609,10;670,43;2822;6,6;4;0,94
"411930 PINHAO";22;22;8447,68;7601,53;-;-;846,15;-;-;383,99;383,99;63;2,9;2;9,09
"411940 PIRAI DO SUL";20;20;8518,63;7606,97;-;-;911,66;-;-;425,93;425,93;82;4,1;-;-
"411950 PIRAQUARA";570;216;676537,17;592295,81;-;-;84241,36;-;-;1186,91;3132,12;11157;51,7;1;0,46
"411960 PITANGA";417;417;171215,04;137066,11;-;-;34148,93;-;-;410,59;410,59;850;2,0;8;1,92
"411970 PLANALTINA DO PARANA";10;10;629,25;519,71;-;-;109,54;-;-;62,92;62,92;32;3,2;-;-
"411980 PLANALTO";63;63;45064,70;41026,18;-;-;4038,52;-;-;715,31;715,31;163;2,6;-;-
"411990 PONTA GROSSA";2849;2849;5066142,01;4034374,54;-;-;1031767,47;-;-;1778,22;1778,22;14335;5,0;159;5,58
"412000 PORECATU";15;15;4661,70;4034,71;-;-;626,99;-;-;310,78;310,78;58;3,9;1;6,67
"412020 PORTO RICO";2;2;1127,09;1018,31;-;-;108,78;-;-;563,54;563,54;10;5,0;-;-
"412033 PRADO FERREIRA";3;3;1326,10;1196,70;-;-;129,40;-;-;442,03;442,03;11;3,7;-;-
"412035 PRANCHITA";53;53;28414,74;24827,50;-;-;3587,24;-;-;536,13;536,13;122;2,3;1;1,89
"412050 PRIMEIRO DE MAIO";1;1;261,18;224,62;-;-;36,56;-;-;261,18;261,18;7;7,0;-;-
"412060 PRUDENTOPOLIS";376;376;127393,51;105860,99;-;-;21532,52;-;-;338,81;338,81;1226;3,3;15;3,99
"412090 QUEDAS DO IGUACU";110;110;65694,33;55397,66;-;-;10296,67;-;-;597,22;597,22;291;2,6;-;-
"412100 QUERENCIA DO NORTE";32;32;14682,58;12157,98;-;-;2524,60;-;-;458,83;458,83;84;2,6;2;6,25
"412120 QUITANDINHA";54;54;28386,72;25182,43;-;-;3204,29;-;-;525,68;525,68;149;2,8;9;16,67
"412150 REBOUCAS";64;64;54304,60;48852,44;-;-;5452,16;-;-;848,51;848,51;620;9,7;2;3,13
"412180 RIBEIRAO CLARO";55;55;20817,35;17906,22;-;-;2911,13;-;-;378,50;378,50;181;3,3;3;5,45
"412190 RIBEIRAO DO PINHAL";121;121;55277,65;43883,54;-;-;11394,11;-;-;456,84;456,84;183;1,5;2;1,65
"412200 RIO AZUL";63;63;26840,03;21431,12;-;-;5408,91;-;-;426,03;426,03;182;2,9;1;1,59
"412220 RIO BRANCO DO SUL";124;124;40448,94;35449,94;-;-;4999,00;-;-;326,20;326,20;300;2,4;2;1,61
"412230 RIO NEGRO";74;74;32831,38;26926,64;-;-;5904,74;-;-;443,67;443,67;245;3,3;4;5,41
"412240 ROLANDIA";779;646;651092,41;533818,02;-;-;117274,39;-;-;835,81;1007,88;5917;9,2;11;1,70
"412250 RONCADOR";98;98;61711,58;52000,67;-;-;9710,91;-;-;629,71;629,71;360;3,7;2;2,04
"412260 RONDON";79;79;41775,03;27969,03;2864,70;-;8951,20;1990,10;-;528,80;528,80;184;2,3;2;2,53
"412290 SALTO DO ITARARE";4;4;1071,31;912,80;-;-;158,51;-;-;267,83;267,83;15;3,8;-;-
"412350 SANTA HELENA";170;170;89362,94;69727,08;-;-;19635,86;-;-;525,66;525,66;313;1,8;4;2,35
"412370 SANTA ISABEL DO IVAI";6;6;2592,43;2225,56;-;-;366,87;-;-;432,07;432,07;13;2,2;1;16,67
"412380 SANTA IZABEL DO OESTE";53;53;31000,76;23004,35;-;-;7996,41;-;-;584,92;584,92;147;2,8;3;5,66
"412390 SANTA MARIANA";276;276;494940,01;374877,12;-;-;120062,89;-;-;1793,26;1793,26;583;2,1;1;0,36
"412400 SANTANA DO ITARARE";19;19;7234,27;6453,85;-;-;780,42;-;-;380,75;380,75;79;4,2;-;-
"412410 SANTO ANTONIO DA PLATINA";613;613;450719,33;335367,55;2578,23;-;110982,46;1791,09;-;735,27;735,27;1745;2,8;20;3,26
"412420 SANTO ANTONIO DO CAIUA";3;3;1065,07;929,27;-;-;135,80;-;-;355,02;355,02;11;3,7;-;-
"412440 SANTO ANTONIO DO SUDOESTE";89;89;46660,30;40054,31;-;-;6605,99;-;-;524,27;524,27;309;3,5;1;1,12
"412460 SAO CARLOS DO IVAI";22;22;3949,99;3419,46;-;-;530,53;-;-;179,54;179,54;83;3,8;-;-
"412490 SAO JOAO DO CAIUA";7;7;3316,50;2969,19;-;-;347,31;-;-;473,79;473,79;16;2,3;-;-
"412500 SAO JOAO DO IVAI";38;38;16198,74;13007,30;-;-;3191,44;-;-;426,28;426,28;70;1,8;1;2,63
"412510 SAO JOAO DO TRIUNFO";21;21;8204,95;7149,10;-;-;1055,85;-;-;390,71;390,71;76;3,6;2;9,52
"412535 SAO JORGE DO PATROCINIO";36;36;12224,68;8855,22;-;-;3369,46;-;-;339,57;339,57;85;2,4;-;-
"412540 SAO JOSE DA BOA VISTA";9;9;4018,44;3749,74;-;-;268,70;-;-;446,49;446,49;24;2,7;-;-
"412545 SAO JOSE DAS PALMEIRAS";14;14;7396,49;6838,98;-;-;557,51;-;-;528,32;528,32;39;2,8;-;-
"412550 SAO JOSE DOS PINHAIS";1210;1210;1862026,67;1503594,37;-;-;358432,30;-;-;1538,87;1538,87;3469;2,9;25;2,07
"412560 SAO MATEUS DO SUL";174;174;71366,44;55195,44;-;-;16171,00;-;-;410,15;410,15;465;2,7;7;4,02
"412570 SAO MIGUEL DO IGUACU";101;101;46615,53;35122,58;-;-;11492,95;-;-;461,54;461,54;215;2,1;3;2,97
"412580 SAO PEDRO DO IVAI";33;33;12565,05;11123,29;-;-;1441,76;-;-;380,76;380,76;67;2,0;-;-
"412620 SAPOPEMA";3;3;132,66;100,02;-;-;32,64;-;-;44,22;44,22;20;6,7;-;-
"412625 SARANDI";734;734;2010624,99;1650686,75;-;-;359938,24;-;-;2739,27;2739,27;3302;4,5;36;4,90
"412650 SERTANOPOLIS";22;22;5107,92;4370,41;-;-;737,51;-;-;232,18;232,18;75;3,4;1;4,55
"412660 SIQUEIRA CAMPOS";61;61;27927,77;24222,16;-;-;3705,61;-;-;457,83;457,83;219;3,6;3;4,92
"412667 TAMARANA";15;15;4247,03;3760,13;-;-;486,90;-;-;283,14;283,14;64;4,3;-;-
"412670 TAMBOARA";19;19;8603,56;7767,33;-;-;836,23;-;-;452,82;452,82;73;3,8;-;-
"412700 TEIXEIRA SOARES";8;8;6454,89;5935,10;-;-;519,79;-;-;806,86;806,86;24;3,0;-;-
"412710 TELEMACO BORBA";433;433;553343,73;472918,17;-;-;80425,56;-;-;1277,93;1277,93;2180;5,0;27;6,24
"412720 TERRA BOA";165;165;79656,73;58356,55;-;-;21300,18;-;-;482,77;482,77;378;2,3;7;4,24
"412730 TERRA RICA";53;53;22297,65;18433,11;-;-;3864,54;-;-;420,71;420,71;177;3,3;2;3,77
"412750 TIBAGI";37;37;8922,53;7785,71;-;-;1136,82;-;-;241,15;241,15;136;3,7;3;8,11
"412760 TIJUCAS DO SUL";28;28;10810,57;9520,14;-;-;1290,43;-;-;386,09;386,09;63;2,3;4;14,29
"412770 TOLEDO";804;804;1354741,63;1091965,36;-;-;262776,27;-;-;1685,00;1685,00;3132;3,9;46;5,72
"412780 TOMAZINA";59;59;18921,07;16390,39;-;-;2530,68;-;-;320,70;320,70;207;3,5;3;5,08
"412785 TRES BARRAS DO PARANA";50;50;23531,83;20297,62;-;-;3234,21;-;-;470,64;470,64;118;2,4;4;8,00
"412790 TUNEIRAS DO OESTE";21;21;5048,49;4367,22;-;-;681,27;-;-;240,40;240,40;28;1,3;-;-
"412796 TURVO";63;63;18851,03;15894,11;-;-;2956,92;-;-;299,22;299,22;111;1,8;1;1,59
"412800 UBIRATA";234;234;137888,63;111768,51;-;-;26120,12;-;-;589,27;589,27;652;2,8;6;2,56
"412810 UMUARAMA";2334;2228;4256279,00;3472529,40;-;-;783749,60;-;-;1823,60;1910,36;11558;5,2;124;5,57
"412820 UNIAO DA VITORIA";664;631;737424,10;590649,24;6300,36;-;132292,15;8182,35;-;1110,58;1168,66;3064;4,9;31;4,91
"412840 URAI";44;44;9024,48;7994,84;-;-;1029,64;-;-;205,10;205,10;333;7,6;2;4,55
"412850 WENCESLAU BRAZ";78;78;32905,04;28756,56;-;-;4148,48;-;-;421,86;421,86;215;2,8;7;8,97
"412855 VERA CRUZ DO OESTE";29;29;11261,16;9710,83;-;-;1550,33;-;-;388,32;388,32;29;1,0;2;6,90
"412860 VERE";36;36;18105,21;16391,93;-;-;1713,28;-;-;502,92;502,92;101;2,8;-;-
"420010 ABELARDO LUZ";573;573;611408,20;251723,51;129106,70;-;129788,72;100789,27;-;1067,03;1067,03;294;0,5;-;-
"420020 AGROLANDIA";12;12;531,64;401,08;-;-;130,56;-;-;44,30;44,30;4;0,3;-;-
"420040 AGUA DOCE";24;24;12282,56;10724,57;-;-;1557,99;-;-;511,77;511,77;75;3,1;-;-
"420090 ANGELINA";46;46;76404,85;51020,31;2120,55;-;20732,63;2531,36;-;1660,98;1660,98;92;2,0;1;2,17
"420100 ANITA GARIBALDI";46;46;26103,68;23101,15;-;-;3002,53;-;-;567,47;567,47;304;6,6;1;2,17
"420110 ANITAPOLIS";23;23;11185,59;9942,91;-;-;1242,68;-;-;486,33;486,33;78;3,4;1;4,35
"420127 ARABUTA";83;83;94936,20;39319,95;25240,31;-;16856,38;13519,56;-;1143,81;1143,81;74;0,9;-;-
"420140 ARARANGUA";664;664;492756,90;355511,50;18265,77;-;105704,10;13275,53;-;742,10;742,10;2010;3,0;16;2,41
"420150 ARMAZEM";59;59;22647,82;20152,22;-;-;2495,60;-;-;383,86;383,86;231;3,9;2;3,39
"420160 ARROIO TRINTA";26;26;7076,89;6139,59;-;-;937,30;-;-;272,19;272,19;41;1,6;-;-
"420200 BALNEARIO CAMBORIU";943;943;1100309,70;898075,96;-;-;202233,74;-;-;1166,82;1166,82;4300;4,6;29;3,08
"420230 BIGUACU";383;383;293632,65;200284,06;-;-;93348,59;-;-;766,66;766,66;1195;3,1;6;1,57
"420240 BLUMENAU";3222;3222;9335149,08;7318045,71;80548,44;-;1891899,65;44655,28;-;2897,32;2897,32;11555;3,6;133;4,13
"420260 BOM RETIRO";114;114;99830,78;42359,28;25716,54;-;17660,18;14094,78;-;875,71;875,71;274;2,4;1;0,88
"420280 BRACO DO NORTE";343;343;270266,84;154526,25;39577,19;-;51285,40;24878,00;-;787,95;787,95;814;2,4;6;1,75
"420290 BRUSQUE";1220;1220;1785240,87;1396250,83;70270,25;-;277520,17;41199,62;-;1463,31;1463,31;4740;3,9;41;3,36
"420300 CACADOR";590;590;1484585,95;1121626,26;1359,85;-;359993,31;1606,53;-;2516,25;2516,25;1957;3,3;27;4,58
"420310 CAIBI";19;19;7409,20;6691,87;-;-;717,33;-;-;389,96;389,96;72;3,8;4;21,05
"420320 CAMBORIU";170;170;164587,07;72945,22;30430,35;-;42161,67;19049,83;-;968,16;968,16;118;0,7;-;-
"420330 CAMPO ALEGRE";62;62;70324,89;35303,46;16306,88;-;12220,41;6494,14;-;1134,27;1134,27;99;1,6;-;-
"420340 CAMPO BELO DO SUL";49;49;23168,01;20694,61;-;-;2473,40;-;-;472,82;472,82;207;4,2;1;2,04
"420350 CAMPO ERE";20;20;9822,44;8715,87;-;-;1106,57;-;-;491,12;491,12;51;2,5;-;-
"420360 CAMPOS NOVOS";408;408;461486,19;299229,75;45558,80;-;86480,82;30216,82;-;1131,09;1131,09;865;2,1;9;2,21
"420370 CANELINHA";3;3;1982,50;1807,38;-;-;175,12;-;-;660,83;660,83;15;5,0;2;66,67
"420380 CANOINHAS";191;191;185735,03;145115,96;-;-;40619,07;-;-;972,43;972,43;572;3,0;10;5,24
"420390 CAPINZAL";184;184;153414,47;88461,86;21127,80;-;31338,55;12486,26;-;833,77;833,77;473;2,6;12;6,52
"420410 CAXAMBU DO SUL";29;29;14738,52;12981,17;-;-;1757,35;-;-;508,22;508,22;83;2,9;-;-
"420420 CHAPECO";1554;1554;3013777,11;2423052,55;3028,39;-;586122,82;1573,35;-;1939,37;1939,37;5608;3,6;67;4,31
"420430 CONCORDIA";550;550;969637,68;815094,42;-;-;154543,26;-;-;1762,98;1762,98;2182;4,0;31;5,64
"420440 CORONEL FREITAS";39;39;23948,87;15652,97;3729,52;-;3085,24;1481,14;-;614,07;614,07;141;3,6;1;2,56
"420455 CORREIA PINTO";36;36;14392,41;12793,48;-;-;1598,93;-;-;399,79;399,79;183;5,1;2;5,56
"420460 CRICIUMA";1630;1630;4232660,38;3265224,74;11407,90;-;948256,63;7771,11;-;2596,72;2596,72;7369;4,5;103;6,32
"420470 CUNHA PORA";80;80;26829,37;21829,86;773,72;-;3822,75;403,04;-;335,37;335,37;609;7,6;-;-
"420480 CURITIBANOS";551;551;675531,19;470977,42;52847,22;-;123857,56;27848,99;-;1226,01;1226,01;2376;4,3;14;2,54
"420490 DESCANSO";49;49;47034,96;41229,23;-;-;5805,73;-;-;959,90;959,90;652;13,3;-;-
"420500 DIONISIO CERQUEIRA";122;122;60964,51;46821,61;-;-;14142,90;-;-;499,71;499,71;330;2,7;5;4,10
"420530 FAXINAL DOS GUEDES";45;45;24717,60;18522,29;-;-;6195,31;-;-;549,28;549,28;115;2,6;-;-
"420540 FLORIANOPOLIS";5168;5160;8205266,65;6432745,59;178612,38;-;1487450,93;106457,75;-;1587,71;1590,17;23897;4,6;237;4,59
"420550 FRAIBURGO";301;301;180730,13;121393,40;8109,93;-;43021,52;8205,28;-;600,43;600,43;716;2,4;7;2,33
"420590 GASPAR";375;375;433244,85;353683,14;-;-;79561,71;-;-;1155,32;1155,32;971;2,6;12;3,20
"420640 GUARACIABA";108;108;83956,46;40103,95;18223,66;-;14936,21;10692,64;-;777,37;777,37;164;1,5;2;1,85
"420650 GUARAMIRIM";220;220;147213,53;111009,67;-;-;36203,86;-;-;669,15;669,15;607;2,8;10;4,55
"420660 GUARUJA DO SUL";68;68;21032,41;18074,57;-;-;2957,84;-;-;309,30;309,30;130;1,9;-;-
"420690 IBIRAMA";641;641;975959,94;738206,02;45507,69;-;166826,24;25419,99;-;1522,56;1522,56;2634;4,1;30;4,68
"420700 ICARA";529;529;677620,36;470319,61;55454,24;-;115756,91;36089,60;-;1280,95;1280,95;1388;2,6;25;4,73
"420720 IMARUI";185;185;55065,75;46645,68;-;-;8420,07;-;-;297,65;297,65;348;1,9;4;2,16
"420730 IMBITUBA";261;261;331553,46;252662,85;16332,82;-;53209,70;9348,09;-;1270,32;1270,32;1123;4,3;19;7,28
"420750 INDAIAL";288;288;506174,80;397953,83;11674,57;-;89415,92;7130,48;-;1757,55;1757,55;1629;5,7;11;3,82
"420760 IPIRA";7;7;3278,02;2956,50;-;-;321,52;-;-;468,29;468,29;24;3,4;-;-
"420765 IPORA DO OESTE";113;113;252086,00;168148,91;30472,49;-;43611,28;9853,32;-;2230,85;2230,85;186;1,6;1;0,88
"420770 IPUMIRIM";28;28;15763,13;14457,73;-;-;1305,40;-;-;562,97;562,97;117;4,2;-;-
"420790 IRINEOPOLIS";152;152;25299,32;21586,42;-;-;3712,90;-;-;166,44;166,44;240;1,6;-;-
"420800 ITA";85;85;72674,42;40404,35;11260,01;-;12899,95;8110,11;-;854,99;854,99;470;5,5;2;2,35
"420810 ITAIOPOLIS";19;19;8968,77;7897,10;-;-;1071,67;-;-;472,04;472,04;90;4,7;-;-
"420820 ITAJAI";2202;2202;5955277,95;4527303,81;21084,61;85,26;1391834,46;14969,81;-;2704,49;2704,49;10715;4,9;121;5,50
"420830 ITAPEMA";207;207;114077,25;78135,27;-;-;35941,98;-;-;551,10;551,10;363;1,8;2;0,97
"420840 ITAPIRANGA";22;22;11128,62;6910,73;954,60;-;2023,54;1239,75;-;505,85;505,85;87;4,0;-;-
"420850 ITUPORANGA";384;384;653361,30;510488,71;19478,07;-;111923,86;11470,66;-;1701,46;1701,46;1669;4,3;13;3,39
"420870 JACINTO MACHADO";93;93;63836,83;37849,29;11633,70;-;8857,99;5495,85;-;686,42;686,42;294;3,2;3;3,23
"420880 JAGUARUNA";84;84;34688,14;29281,63;694,38;-;4378,42;333,71;-;412,95;412,95;310;3,7;4;4,76
"420890 JARAGUA DO SUL";1700;1700;3341904,19;2604740,02;67953,92;-;632198,45;37011,80;-;1965,83;1965,83;6764;4,0;60;3,53
"420900 JOACABA";406;406;1183789,76;940612,89;2487,79;-;239835,62;853,46;-;2915,74;2915,74;1846;4,5;17;4,19
"420910 JOINVILLE";4224;4224;10465215,57;8214499,59;76551,07;-;2139053,16;35111,75;-;2477,56;2477,56;22701;5,4;170;4,02
"420930 LAGES";1700;1700;3502666,11;2734939,86;6047,09;-;754788,57;6890,59;-;2060,39;2060,39;8848;5,2;81;4,76
"420940 LAGUNA";275;275;360859,11;299252,67;-;-;61606,44;-;-;1312,21;1312,21;1748;6,4;21;7,64
"420960 LAURO MULLER";45;45;26649,95;23417,38;-;-;3232,57;-;-;592,22;592,22;404;9,0;3;6,67
"420970 LEBON REGIS";5;5;2240,62;1944,21;-;-;296,41;-;-;448,12;448,12;23;4,6;-;-
"420985 LINDOIA DO SUL";49;49;39631,81;35181,83;-;-;4449,98;-;-;808,81;808,81;1188;24,2;4;8,16
"421000 LUIZ ALVES";13;13;6530,69;5957,16;-;-;573,53;-;-;502,36;502,36;107;8,2;1;7,69
"421003 LUZERNA";77;77;68887,89;58167,95;435,54;-;9677,08;607,32;-;894,65;894,65;1302;16,9;5;6,49
"421010 MAFRA";895;895;2331953,40;1794602,28;11888,65;-;515298,53;10163,94;-;2605,53;2605,53;3110;3,5;31;3,46
"421030 MAJOR VIEIRA";143;143;53661,33;44921,97;-;-;8739,36;-;-;375,25;375,25;172;1,2;-;-
"421050 MARAVILHA";279;279;308609,37;239508,55;11644,12;-;50225,18;7231,52;-;1106,13;1106,13;939;3,4;7;2,51
"421060 MASSARANDUBA";35;35;21233,28;15727,54;-;-;5505,74;-;-;606,67;606,67;84;2,4;-;-
"421080 MELEIRO";77;77;58981,38;37224,16;7863,56;-;8343,39;5550,27;-;765,99;765,99;219;2,8;5;6,49
"421090 MODELO";24;24;13920,89;12303,34;-;-;1617,55;-;-;580,04;580,04;98;4,1;3;12,50
"421100 MONDAI";36;36;35281,82;31053,24;-;-;4228,58;-;-;980,05;980,05;591;16,4;1;2,78
"421120 MORRO DA FUMACA";261;261;178401,36;125920,97;16452,95;-;24293,85;11733,59;-;683,53;683,53;1158;4,4;16;6,13
"421130 NAVEGANTES";230;230;128292,97;88977,25;-;-;39315,72;-;-;557,80;557,80;594;2,6;13;5,65
"421140 NOVA ERECHIM";71;71;140952,23;78083,38;32307,99;-;18692,78;11868,08;-;1985,24;1985,24;16;0,2;-;-
"421150 NOVA TRENTO";149;149;144140,87;91468,38;14268,79;-;29899,63;8504,07;-;967,39;967,39;247;1,7;4;2,68
"421160 NOVA VENEZA";393;393;407361,35;150086,12;109882,68;-;80150,59;67241,96;-;1036,54;1036,54;431;1,1;4;1,02
"421170 ORLEANS";144;144;71211,79;50258,23;4450,42;-;13578,25;2924,89;-;494,53;494,53;443;3,1;6;4,17
"421175 OTACILIO COSTA";98;98;49883,15;39722,14;-;-;10161,01;-;-;509,01;509,01;371;3,8;3;3,06
"421200 PALMA SOLA";81;81;31143,00;26057,93;-;-;5085,07;-;-;384,48;384,48;173;2,1;1;1,23
"421210 PALMITOS";137;137;114808,66;85137,54;6556,58;-;18708,20;4406,34;-;838,02;838,02;842;6,1;4;2,92
"421220 PAPANDUVA";59;59;24512,25;21698,84;-;-;2813,41;-;-;415,46;415,46;256;4,3;4;6,78
"421250 PENHA";211;211;692256,74;374982,64;128766,53;-;134768,23;53739,34;-;3280,84;3280,84;146;0,7;-;-
"421260 PERITIBA";49;49;41757,23;19313,08;7386,30;-;9389,22;5668,63;-;852,19;852,19;182;3,7;3;6,12
"421290 PINHALZINHO";147;147;105990,63;55353,47;13690,58;-;27801,23;9145,35;-;721,02;721,02;246;1,7;7;4,76
"421320 POMERODE";413;413;321600,44;185299,95;38712,11;-;70085,34;27503,04;-;778,69;778,69;849;2,1;11;2,66
"421340 PONTE SERRADA";242;242;164561,79;146314,80;-;-;18246,99;-;-;680,01;680,01;1471;6,1;1;0,41
"421360 PORTO UNIAO";358;358;480335,10;377582,52;-;-;102752,58;-;-;1341,72;1341,72;973;2,7;26;7,26
"421370 POUSO REDONDO";44;44;18436,62;16215,26;-;-;2221,36;-;-;419,01;419,01;189;4,3;2;4,55
"421380 PRAIA GRANDE";212;212;175670,22;97375,28;28413,97;-;28712,14;21168,83;-;828,63;828,63;874;4,1;4;1,89
"421400 PRESIDENTE GETULIO";36;36;31894,06;19584,43;5342,85;-;4802,37;2164,41;-;885,95;885,95;137;3,8;2;5,56
"421420 QUILOMBO";84;84;54162,68;42689,91;-;-;11472,77;-;-;644,79;644,79;522;6,2;3;3,57
"421450 RIO DO CAMPO";20;20;7239,61;6400,90;-;-;838,71;-;-;361,98;361,98;57;2,9;1;5,00
"421470 RIO DOS CEDROS";21;21;12622,78;11191,13;-;-;1431,65;-;-;601,08;601,08;147;7,0;1;4,76
"421480 RIO DO SUL";980;980;2929089,67;2111047,44;23863,25;-;779588,55;14590,43;-;2988,87;2988,87;5042;5,1;36;3,67
"421490 RIO FORTUNA";80;80;29432,11;23117,82;1646,70;-;3852,15;815,44;-;367,90;367,90;136;1,7;1;1,25
"421500 RIO NEGRINHO";288;288;292941,94;238576,47;-;-;54365,47;-;-;1017,16;1017,16;1121;3,9;17;5,90
"421530 SALETE";13;13;6991,93;6226,41;-;-;765,52;-;-;537,84;537,84;46;3,5;-;-
"421540 SALTO VELOSO";22;22;5434,02;4717,24;-;-;716,78;-;-;247,00;247,00;29;1,3;1;4,55
"421550 SANTA CECILIA";137;137;137675,71;94057,60;15911,09;-;19303,11;8403,91;-;1004,93;1004,93;1126;8,2;3;2,19
"421570 SANTO AMARO DA IMPERATRIZ";202;202;209972,05;156245,72;-;-;53726,33;-;-;1039,47;1039,47;574;2,8;4;1,98
"421580 SAO BENTO DO SUL";494;494;764981,40;616067,34;-;-;148914,06;-;-;1548,55;1548,55;1507;3,1;29;5,87
"421590 SAO BONIFACIO";20;20;10406,48;9092,27;-;-;1314,21;-;-;520,32;520,32;73;3,6;1;5,00
"421600 SAO CARLOS";80;80;101300,49;69964,60;5667,03;-;21100,65;4568,21;-;1266,26;1266,26;136;1,7;2;2,50
"421620 SAO FRANCISCO DO SUL";165;165;94547,44;68885,02;-;-;25662,42;-;-;573,01;573,01;550;3,3;6;3,64
"421625 SAO JOAO DO OESTE";70;70;26915,35;17035,58;2853,13;-;5648,62;1378,02;-;384,50;384,50;115;1,6;1;1,43
"421630 SAO JOAO BATISTA";74;74;44952,72;28082,26;4120,31;-;10496,16;2253,99;-;607,47;607,47;291;3,9;1;1,35
"421650 SAO JOAQUIM";163;163;121022,30;72709,00;15405,11;-;23068,03;9840,16;-;742,47;742,47;639;3,9;7;4,29
"421660 SAO JOSE";2401;2295;7267587,53;5852870,11;18863,67;-;1383855,22;11998,53;-;3026,90;3166,70;20037;8,7;67;2,92
"421670 SAO JOSE DO CEDRO";101;101;84423,21;37798,57;17240,64;-;18509,75;10874,25;-;835,87;835,87;189;1,9;2;1,98
"421690 SAO LOURENCO DO OESTE";191;191;90888,98;78953,86;-;-;11935,12;-;-;475,86;475,86;538;2,8;5;2,62
"421710 SAO MARTINHO";29;29;13706,82;12437,76;-;-;1269,06;-;-;472,65;472,65;117;4,0;4;13,79
"421720 SAO MIGUEL DO OESTE";618;618;757143,60;613854,81;7203,90;-;130662,10;5422,79;-;1225,15;1225,15;2504;4,1;43;6,96
"421725 SAO PEDRO DE ALCANTARA";65;57;102855,97;88032,69;250,26;-;14466,47;106,55;-;1582,40;1804,49;2612;45,8;-;-
"421730 SAUDADES";69;69;61863,09;39356,40;7213,88;-;11019,81;4273,00;-;896,57;896,57;136;2,0;2;2,90
"421750 SEARA";89;89;62013,70;40879,43;7227,48;-;10149,18;3757,61;-;696,78;696,78;345;3,9;2;2,25
"421770 SOMBRIO";504;504;585819,51;314835,76;110082,86;-;102701,95;58198,94;-;1162,34;1162,34;1075;2,1;15;2,98
"421780 TAIO";100;100;57391,45;37249,18;2877,07;-;15040,81;2224,39;-;573,91;573,91;361;3,6;8;8,00
"421800 TIJUCAS";163;163;164451,63;78365,93;34308,37;-;31890,32;19887,01;-;1008,91;1008,91;353;2,2;5;3,07
"421810 TIMBE DO SUL";259;259;297540,40;120526,62;75739,72;-;53020,80;48253,26;-;1148,80;1148,80;403;1,6;-;-
"421820 TIMBO";393;393;709734,26;558342,84;20796,48;-;122008,76;8586,18;-;1805,94;1805,94;1453;3,7;15;3,82
"421830 TRES BARRAS";187;187;102818,24;79253,00;-;-;23565,24;-;-;549,83;549,83;729;3,9;6;3,21
"421840 TREZE DE MAIO";253;253;167570,77;97432,67;30557,34;-;24171,45;15409,31;-;662,34;662,34;344;1,4;1;0,40
"421860 TROMBUDO CENTRAL";78;43;101503,57;93655,89;-;-;7847,68;-;-;1301,33;2360,55;1374;32,0;4;9,30
"421870 TUBARAO";1519;1519;3721105,81;2906221,93;3379,70;-;809830,32;1673,86;-;2449,71;2449,71;8227;5,4;60;3,95
"421875 TUNAPOLIS";106;106;94114,64;63121,90;9699,57;-;14912,62;6380,55;-;887,87;887,87;925;8,7;3;2,83
"421880 TURVO";50;50;57662,68;18510,53;18422,10;-;10392,67;10337,38;-;1153,25;1153,25;72;1,4;-;-
"421890 URUBICI";39;39;19683,96;14803,29;-;-;4880,67;-;-;504,72;504,72;100;2,6;3;7,69
"421900 URUSSANGA";180;180;116699,22;92632,70;-;-;24066,52;-;-;648,33;648,33;780;4,3;5;2,78
"421910 VARGEAO";74;74;69154,56;26749,37;15429,70;-;15265,45;11710,04;-;934,52;934,52;104;1,4;1;1,35
"421920 VIDAL RAMOS";7;7;2156,43;1847,37;-;-;309,06;-;-;308,06;308,06;15;2,1;-;-
"421930 VIDEIRA";424;424;647538,90;520749,99;15546,52;-;101254,32;9988,07;-;1527,21;1527,21;1904;4,5;29;6,84
"421935 VITOR MEIRELES";25;25;11157,74;9861,57;-;-;1296,17;-;-;446,31;446,31;117;4,7;1;4,00
"421940 WITMARSUM";3;3;1188,58;1028,87;-;-;159,71;-;-;396,19;396,19;10;3,3;-;-
"421950 XANXERE";700;700;2400114,24;1742188,08;5117,99;-;649432,22;3375,95;-;3428,73;3428,73;3722;5,3;46;6,57
"421960 XAVANTINA";25;25;8783,62;7665,00;-;-;1118,62;-;-;351,34;351,34;71;2,8;1;4,00
"421970 XAXIM";155;155;104568,02;87855,70;-;-;16712,32;-;-;674,63;674,63;464;3,0;3;1,94
"430003 ACEGUA";42;42;20272,42;15975,36;-;-;4297,06;-;-;482,68;482,68;155;3,7;1;2,38
"430010 AGUDO";136;136;78270,25;63439,96;-;-;14830,29;-;-;575,52;575,52;476;3,5;6;4,41
"430020 AJURICABA";31;31;58864,79;54421,87;-;-;4442,92;-;-;1898,86;1898,86;769;24,8;3;9,68
"430030 ALECRIM";46;46;36040,16;32465,56;-;-;3574,60;-;-;783,48;783,48;339;7,4;4;8,70
"430040 ALEGRETE";574;574;1025123,52;837679,17;-;-;187444,35;-;-;1785,93;1785,93;3873;6,7;25;4,36
"430050 ALPESTRE";40;40;17077,85;13942,65;-;-;3135,20;-;-;426,95;426,95;107;2,7;2;5,00
"430060 ALVORADA";549;549;450665,36;355252,18;-;-;95413,18;-;-;820,88;820,88;3006;5,5;21;3,83
"430064 AMETISTA DO SUL";29;29;14902,12;13444,77;-;-;1457,35;-;-;513,87;513,87;121;4,2;2;6,90
"430070 ANTA GORDA";26;26;11246,85;9900,04;-;-;1346,81;-;-;432,57;432,57;63;2,4;1;3,85
"430080 ANTONIO PRADO";82;82;52044,85;42289,91;-;-;9754,94;-;-;634,69;634,69;314;3,8;3;3,66
"430090 ARATIBA";54;54;28751,23;19914,01;-;-;8837,22;-;-;532,43;532,43;83;1,5;3;5,56
"430100 ARROIO DO MEIO";287;287;142012,33;95903,62;-;-;46108,71;-;-;494,82;494,82;923;3,2;6;2,09
"430120 ARROIO DO TIGRE";115;115;60990,85;54364,72;-;-;6626,13;-;-;530,36;530,36;715;6,2;2;1,74
"430130 ARROIO GRANDE";64;64;40201,10;35934,71;-;-;4266,39;-;-;628,14;628,14;379;5,9;7;10,94
"430140 ARVOREZINHA";147;147;79161,70;69956,81;-;-;9204,89;-;-;538,51;538,51;637;4,3;5;3,40
"430150 AUGUSTO PESTANA";35;35;27020,04;23824,66;-;-;3195,38;-;-;772,00;772,00;664;19,0;-;-
"430160 BAGE";592;592;499535,58;399068,33;-;-;100467,25;-;-;843,81;843,81;2408;4,1;26;4,39
"430210 BENTO GONCALVES";610;610;1196439,74;997778,58;-;-;198661,16;-;-;1961,38;1961,38;3737;6,1;31;5,08
"430220 BOA VISTA DO BURICA";44;44;21020,45;18730,61;-;-;2289,84;-;-;477,74;477,74;149;3,4;4;9,09
"430230 BOM JESUS";22;22;10176,82;7991,61;-;-;2185,21;-;-;462,58;462,58;178;8,1;1;4,55
"430235 BOM PRINCIPIO";66;66;29549,63;24790,24;-;-;4759,39;-;-;447,72;447,72;262;4,0;7;10,61
"430240 BOM RETIRO DO SUL";77;77;60290,30;49628,35;-;-;10661,95;-;-;782,99;782,99;322;4,2;1;1,30
"430245 BOQUEIRAO DO LEAO";30;30;21020,85;18830,56;-;-;2190,29;-;-;700,70;700,70;268;8,9;2;6,67
"430280 CACAPAVA DO SUL";128;128;82590,20;68837,98;-;-;13752,22;-;-;645,24;645,24;824;6,4;7;5,47
"430290 CACEQUI";62;62;30318,41;26719,67;-;-;3598,74;-;-;489,01;489,01;319;5,1;2;3,23
"430300 CACHOEIRA DO SUL";698;698;1278212,23;1064303,43;-;-;213908,80;-;-;1831,25;1831,25;3559;5,1;49;7,02
"430310 CACHOEIRINHA";311;311;415261,25;314688,39;-;-;100572,86;-;-;1335,25;1335,25;1906;6,1;20;6,43
"430330 CAIBATE";32;32;14470,05;13065,68;-;-;1404,37;-;-;452,19;452,19;116;3,6;-;-
"430340 CAICARA";31;31;26807,32;23422,56;-;-;3384,76;-;-;864,75;864,75;417;13,5;2;6,45
"430350 CAMAQUA";429;429;503048,53;420296,51;-;-;82752,02;-;-;1172,61;1172,61;2418;5,6;44;10,26
"430360 CAMBARA DO SUL";10;10;2832,48;2420,29;-;-;412,19;-;-;283,25;283,25;28;2,8;-;-
"430370 CAMPINA DAS MISSOES";62;62;37348,20;32019,60;-;-;5328,60;-;-;602,39;602,39;624;10,1;6;9,68
"430380 CAMPINAS DO SUL";30;30;14188,90;12727,30;-;-;1461,60;-;-;472,96;472,96;145;4,8;2;6,67
"430390 CAMPO BOM";448;448;434335,70;339832,91;-;-;94502,79;-;-;969,50;969,50;1419;3,2;19;4,24
"430400 CAMPO NOVO";23;23;9970,22;8771,50;-;-;1198,72;-;-;433,49;433,49;53;2,3;-;-
"430420 CANDELARIA";208;208;133617,75;108030,71;-;-;25587,04;-;-;642,39;642,39;1612;7,8;9;4,33
"430430 CANDIDO GODOI";65;65;35175,44;30229,24;-;-;4946,20;-;-;541,16;541,16;227;3,5;2;3,08
"430440 CANELA";287;287;145057,32;107389,15;-;-;37668,17;-;-;505,43;505,43;1276;4,4;7;2,44
"430450 CANGUCU";239;239;335051,07;272896,79;4911,73;-;54620,70;2621,85;-;1401,89;1401,89;1308;5,5;13;5,44
"430460 CANOAS";2935;2935;6444617,41;5211392,49;-;-;1233224,92;-;-;2195,78;2195,78;17601;6,0;145;4,94
"430463 CAPAO DA CANOA";514;514;592084,18;476497,12;-;-;115587,06;-;-;1151,91;1151,91;2083;4,1;34;6,61
"430470 CARAZINHO";512;512;624756,73;496222,66;-;-;128534,07;-;-;1220,23;1220,23;2459;4,8;35;6,84
"430480 CARLOS BARBOSA";159;159;119430,74;87465,09;-;-;31965,65;-;-;751,14;751,14;472;3,0;3;1,89
"430490 CASCA";105;105;41646,35;30930,61;-;-;10715,74;-;-;396,63;396,63;364;3,5;5;4,76
"430510 CAXIAS DO SUL";2273;2140;5223933,60;4229434,46;3637,70;-;989910,50;950,94;-;2298,25;2441,09;14993;7,0;127;5,93
"430520 CERRO LARGO";52;52;33508,66;29247,38;-;-;4261,28;-;-;644,40;644,40;211;4,1;5;9,62
"430530 CHAPADA";45;45;22005,82;19529,79;-;-;2476,03;-;-;489,02;489,02;223;5,0;5;11,11
"430535 CHARQUEADAS";118;118;81871,72;70324,43;-;-;11547,29;-;-;693,83;693,83;805;6,8;11;9,32
"430540 CHIAPETTA";27;27;14519,01;12350,34;-;-;2168,67;-;-;537,74;537,74;108;4,0;-;-
"430570 CONDOR";33;33;13425,15;11922,60;-;-;1502,55;-;-;406,82;406,82;252;7,6;1;3,03
"430580 CONSTANTINA";45;45;21988,88;18509,06;-;-;3479,82;-;-;488,64;488,64;136;3,0;2;4,44
"430590 CORONEL BICACO";16;16;7190,93;6404,15;-;-;786,78;-;-;449,43;449,43;58;3,6;-;-
"430600 CRISSIUMAL";122;122;57328,54;44657,00;-;-;12671,54;-;-;469,91;469,91;500;4,1;4;3,28
"430610 CRUZ ALTA";490;490;884151,35;727179,26;-;-;156972,09;-;-;1804,39;1804,39;2259;4,6;35;7,14
"430620 CRUZEIRO DO SUL";22;22;12299,08;10896,26;-;-;1402,82;-;-;559,05;559,05;113;5,1;7;31,82
"430630 DAVID CANABARRO";28;28;10832,79;9510,48;-;-;1322,31;-;-;386,89;386,89;143;5,1;4;14,29
"430640 DOIS IRMAOS";113;113;64581,64;46405,72;-;-;18175,92;-;-;571,52;571,52;452;4,0;2;1,77
"430645 DOIS LAJEADOS";72;72;37307,16;33187,75;-;-;4119,41;-;-;518,15;518,15;317;4,4;1;1,39
"430650 DOM FELICIANO";25;25;17084,68;15507,56;-;-;1577,12;-;-;683,39;683,39;140;5,6;1;4,00
"430660 DOM PEDRITO";170;170;107317,86;88631,98;-;-;18685,88;-;-;631,28;631,28;1102;6,5;16;9,41
"430680 ENCANTADO";227;227;233486,20;191334,61;-;-;42151,59;-;-;1028,57;1028,57;1070;4,7;10;4,41
"430690 ENCRUZILHADA DO SUL";204;204;119360,16;81766,72;-;-;37593,44;-;-;585,10;585,10;517;2,5;6;2,94
"430700 ERECHIM";1274;1274;1906008,75;1508124,15;5609,64;-;389775,45;2499,51;-;1496,08;1496,08;4651;3,7;45;3,53
"430710 HERVAL";10;10;4245,42;3677,77;-;-;567,65;-;-;424,54;424,54;57;5,7;-;-
"430750 ESPUMOSO";154;154;96872,54;72218,43;-;-;24654,11;-;-;629,04;629,04;735;4,8;10;6,49
"430760 ESTANCIA VELHA";145;145;88228,43;76571,68;-;-;11656,75;-;-;608,47;608,47;1032;7,1;11;7,59
"430770 ESTEIO";507;507;473872,87;384929,96;10718,18;-;70898,66;7326,07;-;934,66;934,66;3023;6,0;27;5,33
"430780 ESTRELA";305;305;427892,04;354371,35;-;-;73520,69;-;-;1402,92;1402,92;1686;5,5;16;5,25
"430790 FARROUPILHA";517;517;723380,51;597407,03;-;-;125973,48;-;-;1399,19;1399,19;1694;3,3;23;4,45
"430800 FAXINAL DO SOTURNO";207;207;391452,52;327765,05;-;-;63687,47;-;-;1891,07;1891,07;796;3,8;14;6,76
"430810 FELIZ";70;70;31291,57;25312,59;-;-;5978,98;-;-;447,02;447,02;723;10,3;3;4,29
"430820 FLORES DA CUNHA";84;84;62315,50;50798,55;-;-;11516,95;-;-;741,85;741,85;375;4,5;6;7,14
"430840 FORMIGUEIRO";27;27;13364,26;11833,85;-;-;1530,41;-;-;494,97;494,97;172;6,4;-;-
"430850 FREDERICO WESTPHALEN";263;263;213887,71;175805,95;-;-;38081,76;-;-;813,26;813,26;1109;4,2;12;4,56
"430860 GARIBALDI";281;281;387606,32;289333,17;17895,13;-;72880,75;7497,27;-;1379,38;1379,38;818;2,9;5;1,78
"430870 GAURAMA";14;14;7646,47;6956,24;-;-;690,23;-;-;546,18;546,18;65;4,6;-;-
"430890 GETULIO VARGAS";183;183;102436,34;80386,15;-;-;22050,19;-;-;559,76;559,76;616;3,4;5;2,73
"430900 GIRUA";92;90;72766,28;61538,32;-;-;11227,96;-;-;790,94;808,51;570;6,3;5;5,56
"430910 GRAMADO";320;320;255120,28;198200,78;-;-;56919,50;-;-;797,25;797,25;928;2,9;5;1,56
"430920 GRAVATAI";571;571;608556,01;493226,86;-;-;115329,15;-;-;1065,77;1065,77;2984;5,2;50;8,76
"430925 GUABIJU";5;5;2688,03;2343,30;-;-;344,73;-;-;537,61;537,61;18;3,6;-;-
"430930 GUAIBA";127;127;224292,04;195127,69;-;-;29164,35;-;-;1766,08;1766,08;1197;9,4;21;16,54
"430940 GUAPORE";92;92;43043,63;32314,15;-;-;10729,48;-;-;467,87;467,87;232;2,5;4;4,35
"430950 GUARANI DAS MISSOES";51;51;29781,03;26452,17;-;-;3328,86;-;-;583,94;583,94;290;5,7;8;15,69
"430960 HORIZONTINA";78;78;38296,62;31171,00;-;-;7125,62;-;-;490,98;490,98;441;5,7;6;7,69
"430970 HUMAITA";10;10;3415,63;3034,42;-;-;381,21;-;-;341,56;341,56;20;2,0;1;10,00
"431000 IBIRUBA";78;78;34575,60;30234,21;-;-;4341,39;-;-;443,28;443,28;250;3,2;2;2,56
"431010 IGREJINHA";357;357;210974,90;153136,76;-;-;57838,14;-;-;590,97;590,97;1059;3,0;8;2,24
"431020 IJUI";1001;1001;3066658,21;2345181,77;6190,49;-;709559,01;5726,94;-;3063,59;3063,59;4208;4,2;59;5,89
"431030 ILOPOLIS";32;32;20598,58;18469,24;-;-;2129,34;-;-;643,71;643,71;167;5,2;-;-
"431050 IRAI";64;64;47827,34;41234,80;-;-;6592,54;-;-;747,30;747,30;654;10,2;2;3,13
"431060 ITAQUI";208;208;136927,83;112274,44;-;-;24653,39;-;-;658,31;658,31;907;4,4;10;4,81
"431075 IVORA";8;8;3083,74;2774,69;-;-;309,05;-;-;385,47;385,47;49;6,1;-;-
"431080 IVOTI";91;91;46535,24;36903,99;-;-;9631,25;-;-;511,38;511,38;801;8,8;8;8,79
"431085 JABOTICABA";32;32;22311,00;19505,77;-;-;2805,23;-;-;697,22;697,22;383;12,0;1;3,13
"431100 JAGUARAO";157;157;91769,45;70909,15;-;-;20860,30;-;-;584,52;584,52;825;5,3;14;8,92
"431110 JAGUARI";67;67;32156,23;28364,62;-;-;3791,61;-;-;479,94;479,94;473;7,1;5;7,46
"431112 JAQUIRANA";3;3;1580,39;1403,81;-;-;176,58;-;-;526,80;526,80;12;4,0;-;-
"431120 JULIO DE CASTILHOS";79;79;36171,45;30483,17;-;-;5688,28;-;-;457,87;457,87;342;4,3;7;8,86
"431130 LAGOA VERMELHA";151;151;102266,89;76840,44;-;-;25426,45;-;-;677,26;677,26;635;4,2;6;3,97
"431140 LAJEADO";694;694;2130761,43;1628193,99;-;-;502567,44;-;-;3070,26;3070,26;3014;4,3;37;5,33
"431150 LAVRAS DO SUL";10;10;4318,74;3785,10;-;-;533,64;-;-;431,87;431,87;50;5,0;2;20,00
"431180 MARAU";210;210;134879,18;106625,32;1900,05;-;25550,48;803,33;-;642,28;642,28;958;4,6;15;7,14
"431190 MARCELINO RAMOS";46;46;35703,70;32055,20;-;-;3648,50;-;-;776,17;776,17;726;15,8;1;2,17
"431205 MARQUES DE SOUZA";44;44;25419,95;21638,74;-;-;3781,21;-;-;577,73;577,73;143;3,3;4;9,09
"431210 MATA";17;17;7463,39;6536,12;-;-;927,27;-;-;439,02;439,02;67;3,9;2;11,76
"431220 MAXIMILIANO DE ALMEIDA";33;33;18464,96;16519,31;-;-;1945,65;-;-;559,54;559,54;135;4,1;2;6,06
"431240 MONTENEGRO";491;491;576509,00;481459,04;-;-;95049,96;-;-;1174,15;1174,15;3327;6,8;47;9,57
"431250 MOSTARDAS";16;16;7247,76;6486,72;-;-;761,04;-;-;452,99;452,99;72;4,5;2;12,50
"431260 MUCUM";15;15;14486,95;13483,63;-;-;1003,32;-;-;965,80;965,80;103;6,9;-;-
"431265 NAO-ME-TOQUE";89;89;44281,23;32349,39;-;-;11931,84;-;-;497,54;497,54;215;2,4;4;4,49
"431270 NONOAI";183;183;121132,14;100400,34;-;-;20731,80;-;-;661,92;661,92;898;4,9;8;4,37
"431290 NOVA BASSANO";49;49;23338,07;20355,13;-;-;2982,94;-;-;476,29;476,29;393;8,0;4;8,16
"431300 NOVA BRESCIA";33;33;17802,66;15618,08;-;-;2184,58;-;-;539,47;539,47;197;6,0;3;9,09
"431310 NOVA PALMA";75;75;42724,46;36140,93;-;-;6583,53;-;-;569,66;569,66;682;9,1;1;1,33
"431320 NOVA PETROPOLIS";100;100;58891,27;48537,87;-;-;10353,40;-;-;588,91;588,91;554;5,5;16;16,00
"431330 NOVA PRATA";175;175;124420,76;95336,56;-;-;29084,20;-;-;710,98;710,98;592;3,4;7;4,00
"431340 NOVO HAMBURGO";1230;1224;2283855,14;1732987,54;-;-;550867,60;-;-;1856,79;1865,89;6843;5,6;71;5,80
"431350 OSORIO";392;392;529660,61;430905,68;-;-;98754,93;-;-;1351,18;1351,18;2186;5,6;18;4,59
"431360 PAIM FILHO";42;42;30704,87;27083,01;-;-;3621,86;-;-;731,07;731,07;356;8,5;3;7,14
"431365 PALMARES DO SUL";15;15;7642,21;6642,44;-;-;999,77;-;-;509,48;509,48;109;7,3;2;13,33
"431370 PALMEIRA DAS MISSOES";258;258;298640,79;237496,26;-;-;61144,53;-;-;1157,52;1157,52;1027;4,0;16;6,20
"431380 PALMITINHO";103;103;76892,46;68137,76;-;-;8754,70;-;-;746,53;746,53;919;8,9;4;3,88
"431390 PANAMBI";182;182;106046,21;81529,29;-;-;24516,92;-;-;582,67;582,67;438;2,4;4;2,20
"431400 PARAI";24;24;16781,52;13988,10;-;-;2793,42;-;-;699,23;699,23;220;9,2;3;12,50
"431402 PARAISO DO SUL";45;45;21617,28;18940,37;-;-;2676,91;-;-;480,38;480,38;164;3,6;2;4,44
"431405 PAROBE";585;585;411016,85;318536,15;-;-;92480,70;-;-;702,59;702,59;2257;3,9;12;2,05
"431410 PASSO FUNDO";2792;2782;8194244,86;6610516,02;11096,82;-;1569623,32;3008,70;-;2934,90;2945,45;17217;6,2;127;4,57
"431420 PEDRO OSORIO";49;49;26651,19;23563,31;-;-;3087,88;-;-;543,90;543,90;495;10,1;3;6,12
"431430 PEJUCARA";9;9;2916,39;2595,34;-;-;321,05;-;-;324,04;324,04;17;1,9;-;-
"431440 PELOTAS";1987;1886;4876840,54;3943529,73;-;-;933310,81;-;-;2454,37;2585,81;19994;10,6;154;8,17
"431447 PINHAL GRANDE";10;10;4394,80;3885,73;-;-;509,07;-;-;439,48;439,48;39;3,9;1;10,00
"431450 PINHEIRO MACHADO";21;21;10075,60;8846,25;-;-;1229,35;-;-;479,79;479,79;130;6,2;2;9,52
"431460 PIRATINI";179;179;89763,96;69948,29;-;-;19815,67;-;-;501,47;501,47;1086;6,1;10;5,59
"431470 PLANALTO";74;74;30156,60;23698,88;-;-;6457,72;-;-;407,52;407,52;523;7,1;4;5,41
"431480 PORTAO";203;203;285817,05;133059,20;87335,82;-;36641,20;28780,83;-;1407,97;1407,97;665;3,3;3;1,48
"431490 PORTO ALEGRE";16521;16374;40768331,16;32790630,12;48045,30;-;7910134,07;19521,67;-;2467,67;2489,82;129430;7,9;764;4,67
"431500 PORTO LUCENA";40;40;15540,11;14175,22;-;-;1364,89;-;-;388,50;388,50;342;8,6;2;5,00
"431510 PORTO XAVIER";51;51;30266,70;26603,46;-;-;3663,24;-;-;593,46;593,46;292;5,7;3;5,88
"431515 PROGRESSO";58;58;27383,91;23990,50;-;-;3393,41;-;-;472,14;472,14;455;7,8;5;8,62
"431520 PUTINGA";9;9;4717,76;4164,93;-;-;552,83;-;-;524,20;524,20;50;5,6;1;11,11
"431530 QUARAI";126;126;82795,63;67989,17;-;-;14806,46;-;-;657,11;657,11;622;4,9;10;7,94
"431535 QUINZE DE NOVEMBRO";17;17;10482,51;9145,64;-;-;1336,87;-;-;616,62;616,62;176;10,4;-;-
"431550 RESTINGA SECA";48;48;37087,30;33834,38;-;-;3252,92;-;-;772,65;772,65;306;6,4;4;8,33
"431560 RIO GRANDE";1303;1303;2486559,77;1955122,20;-;-;531437,57;-;-;1908,33;1908,33;11000;8,4;110;8,44
"431570 RIO PARDO";113;113;66421,72;51075,75;-;-;15345,97;-;-;587,80;587,80;330;2,9;5;4,42
"431575 RIOZINHO";2;2;1001,57;869,64;-;-;131,93;-;-;500,78;500,78;8;4,0;-;-
"431580 ROCA SALES";11;11;5715,03;4998,90;-;-;716,13;-;-;519,55;519,55;40;3,6;-;-
"431590 RODEIO BONITO";218;218;166196,44;132297,88;-;-;33898,56;-;-;762,37;762,37;568;2,6;4;1,83
"431600 ROLANTE";165;165;98392,69;76333,35;-;-;22059,34;-;-;596,32;596,32;481;2,9;10;6,06
"431610 RONDA ALTA";196;196;127283,05;107305,10;-;-;19977,95;-;-;649,40;649,40;1502;7,7;7;3,57
"431620 RONDINHA";27;27;22174,30;19950,07;-;-;2224,23;-;-;821,27;821,27;90;3,3;1;3,70
"431630 ROQUE GONZALES";34;34;11779,81;10231,25;-;-;1548,56;-;-;346,46;346,46;99;2,9;2;5,88
"431640 ROSARIO DO SUL";305;305;377459,09;317068,83;-;-;60390,26;-;-;1237,57;1237,57;1847;6,1;23;7,54
"431643 SALDANHA MARINHO";4;4;1688,25;1494,96;-;-;193,29;-;-;422,06;422,06;19;4,8;1;25,00
"431645 SALTO DO JACUI";39;39;17550,79;15186,60;-;-;2364,19;-;-;450,02;450,02;140;3,6;4;10,26
"431650 SALVADOR DO SUL";25;25;14422,09;12855,67;-;-;1566,42;-;-;576,88;576,88;122;4,9;2;8,00
"431660 SANANDUVA";199;199;111051,12;90683,48;-;-;20367,64;-;-;558,05;558,05;834;4,2;4;2,01
"431670 SANTA BARBARA DO SUL";51;51;32419,53;25552,32;-;-;6867,21;-;-;635,68;635,68;274;5,4;1;1,96
"431680 SANTA CRUZ DO SUL";1227;1227;2408922,88;1866160,90;7737,89;-;528628,26;6395,83;-;1963,26;1963,26;4691;3,8;61;4,97
"431690 SANTA MARIA";2121;2121;4106289,54;3280921,42;18661,50;-;800556,87;6149,75;-;1936,02;1936,02;15207;7,2;130;6,13
"431710 SANT'ANA DO LIVRAMENTO";398;398;466680,89;394353,74;-;-;72327,15;-;-;1172,57;1172,57;2084;5,2;20;5,03
"431720 SANTA ROSA";718;718;1267811,99;1041743,75;-;-;226068,24;-;-;1765,75;1765,75;3645;5,1;38;5,29
"431730 SANTA VITORIA DO PALMAR";136;136;80808,10;62322,07;-;-;18486,03;-;-;594,18;594,18;542;4,0;10;7,35
"431740 SANTIAGO";350;350;491603,90;402163,49;-;-;89440,41;-;-;1404,58;1404,58;1947;5,6;20;5,71
"431750 SANTO ANGELO";643;643;1075921,06;858159,07;-;-;217761,99;-;-;1673,28;1673,28;2697;4,2;49;7,62
"431760 SANTO ANTONIO DA PATRULHA";117;117;79634,19;70639,11;-;-;8995,08;-;-;680,63;680,63;557;4,8;6;5,13
"431780 SANTO AUGUSTO";282;282;171475,65;134237,64;-;-;37238,01;-;-;608,07;608,07;1357;4,8;8;2,84
"431790 SANTO CRISTO";124;124;85225,07;70022,33;-;-;15202,74;-;-;687,30;687,30;391;3,2;2;1,61
"431800 SAO BORJA";542;542;487765,87;399462,40;-;-;88303,47;-;-;899,94;899,94;1896;3,5;23;4,24
"431810 SAO FRANCISCO DE ASSIS";107;107;65737,25;56583,70;-;-;9153,55;-;-;614,37;614,37;873;8,2;8;7,48
"431820 SAO FRANCISCO DE PAULA";101;101;48922,55;42868,92;-;-;6053,63;-;-;484,38;484,38;540;5,3;3;2,97
"431830 SAO GABRIEL";546;546;745808,67;620362,51;-;-;125446,16;-;-;1365,95;1365,95;2966;5,4;31;5,68
"431840 SAO JERONIMO";486;486;417664,22;345027,55;-;-;72636,67;-;-;859,39;859,39;2679;5,5;19;3,91
"431843 SAO JOAO DO POLESINE";17;17;38721,97;36447,56;-;-;2274,41;-;-;2277,76;2277,76;391;23,0;3;17,65
"431850 SAO JOSE DO NORTE";56;56;29421,81;26094,52;-;-;3327,29;-;-;525,39;525,39;443;7,9;7;12,50
"431860 SAO JOSE DO OURO";106;106;60964,53;41892,52;-;-;19072,01;-;-;575,14;575,14;262;2,5;3;2,83
"431870 SAO LEOPOLDO";762;762;967483,70;784428,90;-;-;183054,80;-;-;1269,66;1269,66;3487;4,6;50;6,56
"431880 SAO LOURENCO DO SUL";288;288;185766,33;157021,61;-;-;28744,72;-;-;645,02;645,02;1872;6,5;17;5,90
"431890 SAO LUIZ GONZAGA";536;536;470637,02;351489,36;27619,02;-;82427,01;9101,63;-;878,05;878,05;2133;4,0;28;5,22
"431900 SAO MARCOS";80;80;41554,54;34622,51;-;-;6932,03;-;-;519,43;519,43;257;3,2;1;1,25
"431910 SAO MARTINHO";21;21;10709,60;9666,47;-;-;1043,13;-;-;509,98;509,98;108;5,1;1;4,76
"431915 SAO MIGUEL DAS MISSOES";37;37;24695,39;22088,46;-;-;2606,93;-;-;667,44;667,44;175;4,7;-;-
"431930 SAO PAULO DAS MISSOES";40;40;20730,95;18535,86;-;-;2195,09;-;-;518,27;518,27;160;4,0;-;-
"431940 SAO PEDRO DO SUL";75;75;43514,85;39321,18;-;-;4193,67;-;-;580,20;580,20;581;7,7;4;5,33
"431950 SAO SEBASTIAO DO CAI";103;103;78122,00;68478,79;-;-;9643,21;-;-;758,47;758,47;1422;13,8;10;9,71
"431960 SAO SEPE";129;129;82389,38;65165,80;-;-;17223,58;-;-;638,68;638,68;696;5,4;8;6,20
"431980 SAO VICENTE DO SUL";23;23;10556,22;8980,56;-;-;1575,66;-;-;458,97;458,97;105;4,6;1;4,35
"431990 SAPIRANGA";497;497;603467,62;500101,97;-;-;103365,65;-;-;1214,22;1214,22;2560;5,2;31;6,24
"432000 SAPUCAIA DO SUL";818;818;1065882,09;901406,51;-;-;164475,58;-;-;1303,03;1303,03;5605;6,9;55;6,72
"432010 SARANDI";132;132;117035,66;92657,98;-;-;24377,68;-;-;886,63;886,63;689;5,2;5;3,79
"432020 SEBERI";162;162;78168,69;56988,02;-;-;21180,67;-;-;482,52;482,52;442;2,7;1;0,62
"432026 SEGREDO";20;20;10060,96;8749,71;-;-;1311,25;-;-;503,05;503,05;100;5,0;1;5,00
"432030 SELBACH";16;16;7872,59;6821,86;-;-;1050,73;-;-;492,04;492,04;63;3,9;1;6,25
"432040 SERAFINA CORREA";65;65;37752,73;30585,30;-;-;7167,43;-;-;580,81;580,81;175;2,7;4;6,15
"432050 SERTAO";60;60;19765,55;17258,02;-;-;2507,53;-;-;329,43;329,43;361;6,0;-;-
"432060 SEVERIANO DE ALMEIDA";20;20;8972,25;7053,69;-;-;1918,56;-;-;448,61;448,61;55;2,8;1;5,00
"432067 SINIMBU";27;27;12964,63;11584,44;-;-;1380,19;-;-;480,17;480,17;121;4,5;-;-
"432070 SOBRADINHO";98;98;63880,20;57829,90;-;-;6050,30;-;-;651,84;651,84;322;3,3;7;7,14
"432080 SOLEDADE";244;244;151661,76;125706,56;-;-;25955,20;-;-;621,56;621,56;1089;4,5;15;6,15
"432090 TAPEJARA";242;242;153192,82;118863,37;-;-;34329,45;-;-;633,03;633,03;775;3,2;9;3,72
"432100 TAPERA";76;76;25137,61;17967,60;-;-;7170,01;-;-;330,76;330,76;251;3,3;-;-
"432120 TAQUARA";406;406;798888,19;633195,07;-;-;165693,12;-;-;1967,70;1967,70;2091;5,2;32;7,88
"432130 TAQUARI";123;123;91400,74;77658,16;-;-;13742,58;-;-;743,10;743,10;652;5,3;9;7,32
"432140 TENENTE PORTELA";615;615;584115,02;436706,71;-;-;147408,31;-;-;949,78;949,78;2025;3,3;18;2,93
"432145 TEUTONIA";282;282;181087,96;127847,42;-;-;53240,54;-;-;642,16;642,16;670;2,4;9;3,19
"432150 TORRES";464;464;502074,68;410259,66;-;-;91815,02;-;-;1082,06;1082,06;2249;4,8;31;6,68
"432160 TRAMANDAI";560;560;777151,77;655636,05;-;-;121515,72;-;-;1387,77;1387,77;3552;6,3;59;10,54
"432170 TRES COROAS";112;112;53780,27;48376,23;-;-;5404,04;-;-;480,18;480,18;1060;9,5;4;3,57
"432180 TRES DE MAIO";236;236;198849,63;157995,02;-;-;40854,61;-;-;842,58;842,58;795;3,4;19;8,05
"432190 TRES PASSOS";293;293;368166,33;310983,90;-;-;57182,43;-;-;1256,54;1256,54;1328;4,5;20;6,83
"432195 TRINDADE DO SUL";66;66;27381,43;19652,95;-;-;7728,48;-;-;414,87;414,87;107;1,6;1;1,52
"432200 TRIUNFO";3;3;1370,57;1131,28;-;-;239,29;-;-;456,86;456,86;24;8,0;1;33,33
"432210 TUCUNDUVA";57;57;29408,74;26095,13;-;-;3313,61;-;-;515,94;515,94;218;3,8;-;-
"432220 TUPANCIRETA";129;129;61001,36;51633,48;-;-;9367,88;-;-;472,88;472,88;728;5,6;3;2,33
"432230 TUPARENDI";49;49;34490,55;24372,15;-;-;10118,40;-;-;703,89;703,89;158;3,2;5;10,20
"432240 URUGUAIANA";486;486;631369,62;515677,97;-;-;115691,65;-;-;1299,11;1299,11;2758;5,7;40;8,23
"432250 VACARIA";497;497;512806,91;407259,72;-;-;105547,19;-;-;1031,80;1031,80;1855;3,7;37;7,44
"432253 VALE DO SOL";57;57;20975,25;18605,04;-;-;2370,21;-;-;367,99;367,99;167;2,9;2;3,51
"432260 VENANCIO AIRES";285;285;375386,56;303941,71;-;-;71444,85;-;-;1317,15;1317,15;1478;5,2;18;6,32
"432270 VERA CRUZ";64;64;40413,25;37167,32;-;-;3245,93;-;-;631,46;631,46;340;5,3;10;15,63
"432280 VERANOPOLIS";254;254;201179,34;161301,57;-;-;39877,77;-;-;792,04;792,04;753;3,0;3;1,18
"432290 VIADUTOS";22;22;9084,87;7923,11;-;-;1161,76;-;-;412,95;412,95;107;4,9;-;-
"432300 VIAMAO";382;382;571507,70;496453,97;-;-;75053,73;-;-;1496,09;1496,09;3603;9,4;64;16,75
"500020 AGUA CLARA";60;60;30323,49;22642,22;-;-;7681,27;-;-;505,39;505,39;137;2,3;1;1,67
"500060 AMAMBAI";198;198;75299,07;60167,47;-;-;15131,60;-;-;380,30;380,30;548;2,8;3;1,52
"500070 ANASTACIO";81;81;28420,30;22850,34;-;-;5569,96;-;-;350,87;350,87;211;2,6;1;1,23
"500080 ANAURILANDIA";35;35;15914,88;12385,04;-;-;3529,84;-;-;454,71;454,71;125;3,6;-;-
"500085 ANGELICA";36;36;17038,73;14271,89;-;-;2766,84;-;-;473,30;473,30;100;2,8;1;2,78
"500090 ANTONIO JOAO";38;38;15676,84;12331,31;-;-;3345,53;-;-;412,55;412,55;113;3,0;1;2,63
"500100 APARECIDA DO TABOADO";149;149;72561,86;56048,03;-;-;16513,83;-;-;486,99;486,99;408;2,7;9;6,04
"500110 AQUIDAUANA";432;432;351578,88;271738,38;-;-;79840,50;-;-;813,84;813,84;1458;3,4;20;4,63
"500124 ARAL MOREIRA";27;27;9957,30;7902,24;-;-;2055,06;-;-;368,79;368,79;69;2,6;-;-
"500150 BANDEIRANTES";4;4;1131,44;863,60;-;-;267,84;-;-;282,86;282,86;7;1,8;1;25,00
"500190 BATAGUASSU";87;87;38542,89;28504,00;-;-;10038,89;-;-;443,02;443,02;264;3,0;4;4,60
"500210 BELA VISTA";93;93;40433,86;31136,08;-;-;9297,78;-;-;434,77;434,77;276;3,0;1;1,08
"500215 BODOQUENA";23;23;7266,53;6112,90;-;-;1153,63;-;-;315,94;315,94;79;3,4;3;13,04
"500220 BONITO";94;94;39482,22;29515,73;-;-;9966,49;-;-;420,02;420,02;278;3,0;-;-
"500230 BRASILANDIA";57;57;21457,02;17533,76;-;-;3923,26;-;-;376,44;376,44;245;4,3;1;1,75
"500240 CAARAPO";106;106;49187,10;38993,50;-;-;10193,60;-;-;464,03;464,03;339;3,2;2;1,89
"500260 CAMAPUA";18;18;6268,16;5189,12;-;-;1079,04;-;-;348,23;348,23;68;3,8;1;5,56
"500270 CAMPO GRANDE";8134;8039;17890963,51;14249898,42;3836,30;-;3635730,51;1498,28;-;2199,53;2225,52;44672;5,6;457;5,68
"500280 CARACOL";22;22;5105,76;3732,98;-;-;1372,78;-;-;232,08;232,08;37;1,7;-;-
"500290 CASSILANDIA";86;86;43084,47;33006,46;-;-;10078,01;-;-;500,98;500,98;248;2,9;1;1,16
"500295 CHAPADAO DO SUL";181;181;92881,33;66153,65;-;-;26727,68;-;-;513,16;513,16;427;2,4;1;0,55
"500315 CORONEL SAPUCAIA";28;28;9233,12;7141,84;-;-;2091,28;-;-;329,75;329,75;70;2,5;-;-
"500320 CORUMBA";645;645;656841,88;526146,88;-;-;130695,00;-;-;1018,36;1018,36;2881;4,5;36;5,58
"500325 COSTA RICA";278;278;176341,18;140572,47;-;-;35768,71;-;-;634,32;634,32;641;2,3;11;3,96
"500330 COXIM";244;244;214186,31;164602,60;-;-;49583,71;-;-;877,81;877,81;699;2,9;9;3,69
"500345 DEODAPOLIS";18;18;6618,08;5370,56;-;-;1247,52;-;-;367,67;367,67;112;6,2;2;11,11
"500348 DOIS IRMAOS DO BURITI";22;22;8413,30;7230,29;-;-;1183,01;-;-;382,42;382,42;84;3,8;-;-
"500370 DOURADOS";1729;1729;3967148,23;3012219,32;-;-;954928,91;-;-;2294,48;2294,48;9221;5,3;116;6,71
"500375 ELDORADO";28;28;11095,27;9127,25;-;-;1968,02;-;-;396,26;396,26;151;5,4;-;-
"500380 FATIMA DO SUL";274;274;157277,34;114489,95;-;-;42787,39;-;-;574,00;574,00;837;3,1;6;2,19
"500400 GLORIA DE DOURADOS";44;44;15186,48;12922,84;-;-;2263,64;-;-;345,15;345,15;147;3,3;-;-
"500410 GUIA LOPES DA LAGUNA";38;38;11457,94;9820,08;-;-;1637,86;-;-;301,52;301,52;110;2,9;-;-
"500430 IGUATEMI";185;185;73136,86;59879,24;-;-;13257,62;-;-;395,33;395,33;477;2,6;4;2,16
"500440 INOCENCIA";16;16;6033,94;5173,80;-;-;860,14;-;-;377,12;377,12;42;2,6;-;-
"500450 ITAPORA";49;49;26127,13;19324,94;-;-;6802,19;-;-;533,21;533,21;115;2,3;-;-
"500460 ITAQUIRAI";73;73;28486,05;22963,48;-;-;5522,57;-;-;390,22;390,22;174;2,4;1;1,37
"500470 IVINHEMA";98;98;46450,65;37041,69;-;-;9408,96;-;-;473,99;473,99;293;3,0;1;1,02
"500500 JARDIM";157;157;70184,40;49936,93;-;-;20247,47;-;-;447,03;447,03;382;2,4;2;1,27
"500510 JATEI";6;6;1838,81;1581,86;-;-;256,95;-;-;306,47;306,47;18;3,0;-;-
"500515 JUTI";24;24;10102,84;8964,49;-;-;1138,35;-;-;420,95;420,95;81;3,4;2;8,33
"500525 LAGUNA CARAPA";9;9;4020,92;3321,16;-;-;699,76;-;-;446,77;446,77;43;4,8;-;-
"500540 MARACAJU";395;395;167415,03;116391,58;-;-;51023,45;-;-;423,84;423,84;1108;2,8;3;0,76
"500560 MIRANDA";126;126;69828,29;51621,20;-;-;18207,09;-;-;554,19;554,19;353;2,8;1;0,79
"500568 MUNDO NOVO";123;123;33044,40;26869,71;-;-;6174,69;-;-;268,65;268,65;278;2,3;1;0,81
"500570 NAVIRAI";308;308;138277,51;108274,49;-;-;30003,02;-;-;448,95;448,95;1267;4,1;7;2,27
"500580 NIOAQUE";29;29;9726,93;8487,12;-;-;1239,81;-;-;335,41;335,41;64;2,2;-;-
"500600 NOVA ALVORADA DO SUL";88;88;41655,23;30321,43;-;-;11333,80;-;-;473,35;473,35;227;2,6;1;1,14
"500620 NOVA ANDRADINA";313;313;317778,99;247878,83;-;-;69900,16;-;-;1015,27;1015,27;1111;3,5;14;4,47
"500625 NOVO HORIZONTE DO SUL";19;19;7902,98;6723,16;-;-;1179,82;-;-;415,95;415,95;56;2,9;-;-
"500630 PARANAIBA";378;356;424188,62;353057,66;-;-;71130,96;-;-;1122,19;1191,54;2276;6,4;9;2,53
"500635 PARANHOS";74;74;31297,01;24865,83;-;-;6431,18;-;-;422,93;422,93;194;2,6;-;-
"500640 PEDRO GOMES";9;9;3022,64;2519,28;-;-;503,36;-;-;335,85;335,85;22;2,4;-;-
"500660 PONTA PORA";770;770;880708,09;706916,57;-;-;173791,52;-;-;1143,78;1143,78;3197;4,2;49;6,36
"500690 PORTO MURTINHO";36;36;15673,69;11948,82;-;-;3724,87;-;-;435,38;435,38;91;2,5;-;-
"500710 RIBAS DO RIO PARDO";39;39;18036,02;12751,68;-;-;5284,34;-;-;462,46;462,46;81;2,1;-;-
"500720 RIO BRILHANTE";180;180;87339,82;59524,94;-;-;27814,88;-;-;485,22;485,22;337;1,9;1;0,56
"500730 RIO NEGRO";19;19;6605,75;5736,05;-;-;869,70;-;-;347,67;347,67;67;3,5;-;-
"500740 RIO VERDE DE MATO GROSSO";42;42;17052,07;13164,23;-;-;3887,84;-;-;406,00;406,00;209;5,0;1;2,38
"500755 SANTA RITA DO PARDO";8;8;4274,27;3018,13;-;-;1256,14;-;-;534,28;534,28;18;2,3;-;-
"500769 SAO GABRIEL DO OESTE";175;175;82753,92;62092,88;-;-;20661,04;-;-;472,88;472,88;513;2,9;1;0,57
"500770 SETE QUEDAS";9;9;4458,05;3261,00;-;-;1197,05;-;-;495,34;495,34;28;3,1;-;-
"500790 SIDROLANDIA";119;119;69936,98;51828,68;-;-;18108,30;-;-;587,71;587,71;348;2,9;2;1,68
"500793 SONORA";66;66;23820,34;18621,46;-;-;5198,88;-;-;360,91;360,91;191;2,9;-;-
"500795 TACURU";80;80;30625,76;25494,40;-;-;5131,36;-;-;382,82;382,82;227;2,8;1;1,25
"500797 TAQUARUSSU";11;11;4164,23;3765,59;-;-;398,64;-;-;378,57;378,57;63;5,7;-;-
"500830 TRES LAGOAS";801;801;914707,69;745648,87;-;-;169058,82;-;-;1141,96;1141,96;2925;3,7;43;5,37
"500840 VICENTINA";30;30;11411,88;9664,76;-;-;1747,12;-;-;380,40;380,40;98;3,3;-;-
"510020 AGUA BOA";392;392;337939,90;261078,43;-;-;76861,47;-;-;862,09;862,09;1305;3,3;7;1,79
"510025 ALTA FLORESTA";332;332;208145,38;151766,01;-;-;56379,37;-;-;626,94;626,94;1105;3,3;11;3,31
"510030 ALTO ARAGUAIA";67;67;32963,86;23402,72;-;-;9561,14;-;-;492,00;492,00;103;1,5;1;1,49
"510060 ALTO TAQUARI";48;48;31417,97;22979,97;-;-;8438,00;-;-;654,54;654,54;92;1,9;1;2,08
"510080 APIACAS";38;38;14665,47;11856,16;-;-;2809,31;-;-;385,93;385,93;160;4,2;-;-
"510125 ARAPUTANGA";7;7;2087,86;1757,20;-;-;330,66;-;-;298,27;298,27;18;2,6;-;-
"510130 ARENAPOLIS";97;97;47764,46;34576,06;-;-;13188,40;-;-;492,42;492,42;269;2,8;3;3,09
"510140 ARIPUANA";91;91;33777,15;27162,23;-;-;6614,92;-;-;371,18;371,18;304;3,3;-;-
"510170 BARRA DO BUGRES";165;165;71447,72;52858,50;-;-;18589,22;-;-;433,02;433,02;539;3,3;3;1,82
"510180 BARRA DO GARCAS";346;346;274685,45;207922,35;-;-;66763,10;-;-;793,89;793,89;952;2,8;8;2,31
"510190 BRASNORTE";170;170;66062,56;50245,22;-;-;15817,34;-;-;388,60;388,60;420;2,5;-;-
"510250 CACERES";1243;1243;1318616,07;1066887,50;-;-;251728,57;-;-;1060,83;1060,83;5795;4,7;42;3,38
"510260 CAMPINAPOLIS";44;44;19872,55;15587,80;-;-;4284,75;-;-;451,65;451,65;131;3,0;-;-
"510263 CAMPO NOVO DO PARECIS";229;229;112930,95;81042,77;-;-;31888,18;-;-;493,15;493,15;527;2,3;5;2,18
"510267 CAMPO VERDE";303;303;182071,53;140892,46;-;-;41179,07;-;-;600,90;600,90;1090;3,6;10;3,30
"510268 CAMPOS DE JULIO";45;45;19794,00;16975,31;-;-;2818,69;-;-;439,87;439,87;96;2,1;1;2,22
"510270 CANARANA";96;96;42327,50;30158,74;-;-;12168,76;-;-;440,91;440,91;171;1,8;4;4,17
"510305 CLAUDIA";50;50;14235,38;12388,92;-;-;1846,46;-;-;284,71;284,71;113;2,3;2;4,00
"510310 COCALINHO";27;27;5496,69;4831,95;-;-;664,74;-;-;203,58;203,58;64;2,4;-;-
"510320 COLIDER";273;273;298164,58;230819,70;-;-;67344,88;-;-;1092,18;1092,18;1280;4,7;10;3,66
"510325 COLNIZA";85;85;34173,18;26416,14;-;-;7757,04;-;-;402,04;402,04;272;3,2;1;1,18
"510330 COMODORO";82;82;35860,35;30359,27;-;-;5501,08;-;-;437,32;437,32;305;3,7;2;2,44
"510335 CONFRESA";393;393;212523,34;155336,64;-;-;57186,70;-;-;540,77;540,77;1138;2,9;7;1,78
"510337 COTRIGUACU";39;39;15629,52;12307,70;-;-;3321,82;-;-;400,76;400,76;89;2,3;1;2,56
"510340 CUIABA";4230;4148;7763859,40;6100698,86;-;-;1663160,54;-;-;1835,43;1871,71;23806;5,7;140;3,38
"510350 DIAMANTINO";149;149;80201,62;61401,66;-;-;18799,96;-;-;538,27;538,27;417;2,8;1;0,67
"510360 DOM AQUINO";43;43;16644,51;14920,83;-;-;1723,68;-;-;387,08;387,08;82;1,9;1;2,33
"510385 GAUCHA DO NORTE";7;7;1762,20;1490,30;-;-;271,90;-;-;251,74;251,74;26;3,7;-;-
"510390 GENERAL CARNEIRO";19;19;7958,87;6121,42;-;-;1837,45;-;-;418,89;418,89;50;2,6;-;-
"510410 GUARANTA DO NORTE";250;250;119968,91;90120,92;-;-;29847,99;-;-;479,88;479,88;600;2,4;4;1,60
"510420 GUIRATINGA";57;57;22905,88;19933,59;-;-;2972,29;-;-;401,86;401,86;168;2,9;1;1,75
"510460 ITIQUIRA";61;61;22983,76;19823,03;-;-;3160,73;-;-;376,78;376,78;172;2,8;2;3,28
"510480 JACIARA";140;140;62740,35;51404,97;-;-;11335,38;-;-;448,15;448,15;419;3,0;2;1,43
"510500 JAURU";5;5;2536,78;2239,91;-;-;296,87;-;-;507,36;507,36;15;3,0;1;20,00
"510510 JUARA";191;191;109457,40;85933,12;-;-;23524,28;-;-;573,08;573,08;558;2,9;11;5,76
"510515 JUINA";352;352;154157,14;117674,68;-;-;36482,46;-;-;437,95;437,95;1222;3,5;1;0,28
"510517 JURUENA";54;54;19410,19;16072,76;-;-;3337,43;-;-;359,45;359,45;267;4,9;1;1,85
"510520 JUSCIMEIRA";60;60;22246,70;19513,13;-;-;2733,57;-;-;370,78;370,78;117;1,9;1;1,67
"510525 LUCAS DO RIO VERDE";377;377;204916,71;147251,57;-;-;57665,14;-;-;543,55;543,55;1029;2,7;6;1,59
"510550 VILA BELA DA SANTISSIMA TRINDADE";129;129;51852,76;38209,33;-;-;13643,43;-;-;401,96;401,96;392;3,0;-;-
"510558 MARCELANDIA";39;39;12559,04;10951,51;-;-;1607,53;-;-;322,03;322,03;104;2,7;-;-
"510560 MATUPA";90;90;41209,71;31939,95;-;-;9269,76;-;-;457,89;457,89;200;2,2;1;1,11
"510562 MIRASSOL D'OESTE";101;101;52656,06;42209,28;-;-;10446,78;-;-;521,35;521,35;385;3,8;2;1,98
"510590 NOBRES";114;114;49555,29;41950,38;-;-;7604,91;-;-;434,70;434,70;288;2,5;2;1,75
"510610 NOSSA SENHORA DO LIVRAMENTO";8;8;2923,60;2528,22;-;-;395,38;-;-;365,45;365,45;34;4,3;-;-
"510622 NOVA MUTUM";375;375;636287,02;525038,77;-;-;111248,25;-;-;1696,77;1696,77;1492;4,0;14;3,73
"510623 NOVA OLIMPIA";48;48;29459,76;25143,19;-;-;4316,57;-;-;613,75;613,75;101;2,1;1;2,08
"510625 NOVA XAVANTINA";124;124;68183,73;51070,28;-;-;17113,45;-;-;549,87;549,87;387;3,1;6;4,84
"510627 NOVO HORIZONTE DO NORTE";23;23;7760,42;6737,83;-;-;1022,59;-;-;337,41;337,41;60;2,6;3;13,04
"510628 NOVO SAO JOAQUIM";56;56;25890,81;19934,79;-;-;5956,02;-;-;462,34;462,34;138;2,5;-;-
"510629 PARANAITA";108;108;47691,92;32469,66;-;-;15222,26;-;-;441,59;441,59;252;2,3;-;-
"510630 PARANATINGA";158;158;65464,39;51008,30;-;-;14456,09;-;-;414,33;414,33;374;2,4;3;1,90
"510637 PEDRA PRETA";32;32;9786,69;8440,26;-;-;1346,43;-;-;305,83;305,83;144;4,5;1;3,13
"510642 PEIXOTO DE AZEVEDO";301;301;157226,38;110817,02;-;-;46409,36;-;-;522,35;522,35;834;2,8;5;1,66
"510650 POCONE";152;152;64756,92;47714,39;-;-;17042,53;-;-;426,03;426,03;425;2,8;4;2,63
"510670 PONTE BRANCA";10;10;4980,60;3861,66;-;-;1118,94;-;-;498,06;498,06;17;1,7;-;-
"510675 PONTES E LACERDA";450;450;217412,71;164959,34;-;-;52453,37;-;-;483,14;483,14;1192;2,6;12;2,67
"510680 PORTO DOS GAUCHOS";49;49;18661,29;15034,23;-;-;3627,06;-;-;380,84;380,84;147;3,0;-;-
"510700 POXOREO";130;130;70515,12;58780,08;-;-;11735,04;-;-;542,42;542,42;391;3,0;3;2,31
"510704 PRIMAVERA DO LESTE";346;346;422859,97;339400,16;-;-;83459,81;-;-;1222,14;1222,14;1085;3,1;11;3,18
"510706 QUERENCIA";160;160;75267,75;57521,54;-;-;17746,21;-;-;470,42;470,42;433;2,7;2;1,25
"510718 RIBEIRAO CASCALHEIRA";38;38;14720,16;12393,64;-;-;2326,52;-;-;387,37;387,37;89;2,3;-;-
"510719 RIBEIRAOZINHO";4;4;1790,68;1468,95;-;-;321,73;-;-;447,67;447,67;15;3,8;-;-
"510720 RIO BRANCO";5;5;1595,56;1353,69;-;-;241,87;-;-;319,11;319,11;20;4,0;-;-
"510730 SAO JOSE DO RIO CLARO";74;74;22406,95;18405,09;-;-;4001,86;-;-;302,80;302,80;196;2,6;2;2,70
"510760 RONDONOPOLIS";2486;2402;3732498,64;2952282,82;-;-;780215,82;-;-;1501,41;1553,91;11554;4,8;85;3,54
"510770 ROSARIO OESTE";64;64;31250,23;24079,91;-;-;7170,32;-;-;488,28;488,28;156;2,4;2;3,13
"510775 SALTO DO CEU";8;8;3056,63;2600,20;-;-;456,43;-;-;382,08;382,08;35;4,4;-;-
"510777 SANTA TEREZINHA";52;52;14741,24;12709,87;-;-;2031,37;-;-;283,49;283,49;77;1,5;2;3,85
"510785 SAO FELIX DO ARAGUAIA";127;127;61923,51;45169,87;-;-;16753,64;-;-;487,59;487,59;344;2,7;3;2,36
"510787 SAPEZAL";126;126;62763,00;46342,79;-;-;16420,21;-;-;498,12;498,12;463;3,7;4;3,17
"510790 SINOP";872;872;1237090,65;966639,30;-;-;270451,35;-;-;1418,68;1418,68;3920;4,5;19;2,18
"510792 SORRISO";608;608;587638,19;476479,51;-;-;111158,68;-;-;966,51;966,51;3164;5,2;20;3,29
"510795 TANGARA DA SERRA";147;147;59583,84;52918,86;-;-;6664,98;-;-;405,33;405,33;590;4,0;6;4,08
"510800 TAPURAH";44;44;11838,78;9128,62;-;-;2710,16;-;-;269,06;269,06;193;4,4;-;-
"510805 TERRA NOVA DO NORTE";39;39;17351,30;12318,91;-;-;5032,39;-;-;444,91;444,91;114;2,9;2;5,13
"510810 TESOURO";8;8;3493,06;3049,24;-;-;443,82;-;-;436,63;436,63;26;3,3;1;12,50
"510820 TORIXOREU";36;36;24639,12;16560,58;-;-;8078,54;-;-;684,42;684,42;43;1,2;-;-
"510840 VARZEA GRANDE";1038;1038;2503120,80;2146827,62;-;-;356293,18;-;-;2411,48;2411,48;6802;6,6;85;8,19
"510860 VILA RICA";81;81;40033,26;28390,20;-;-;11643,06;-;-;494,24;494,24;245;3,0;4;4,94
"520013 ACREUNA";47;47;17304,82;15194,01;-;-;2110,81;-;-;368,19;368,19;106;2,3;-;-
"520030 ALEXANIA";124;124;59698,01;30798,78;9278,10;-;13575,15;6045,98;-;481,44;481,44;292;2,4;3;2,42
"520060 ALTO PARAISO DE GOIAS";12;12;5115,58;4602,89;-;-;512,69;-;-;426,30;426,30;50;4,2;-;-
"520080 ALVORADA DO NORTE";68;68;21778,88;17342,41;-;-;4436,47;-;-;320,28;320,28;126;1,9;1;1,47
"520085 AMERICANO DO BRASIL";23;23;5702,38;4321,18;-;-;1381,20;-;-;247,93;247,93;78;3,4;-;-
"520090 AMORINOPOLIS";9;9;3058,15;2639,65;-;-;418,50;-;-;339,79;339,79;33;3,7;-;-
"520110 ANAPOLIS";2402;2331;3769226,04;2934845,74;37989,24;-;771989,56;24401,50;-;1569,20;1617,00;10782;4,6;124;5,32
"520130 ANICUNS";47;47;19348,96;14682,47;-;-;4666,49;-;-;411,68;411,68;159;3,4;1;2,13
"520140 APARECIDA DE GOIANIA";2324;2105;4043978,40;2680045,51;264318,37;210731,93;644863,52;135610,34;108408,73;1740,09;1921,13;15412;7,3;52;2,47
"520150 APORE";33;33;6207,10;5053,52;-;-;1153,58;-;-;188,09;188,09;78;2,4;-;-
"520160 ARACU";1;1;226,68;196,00;-;-;30,68;-;-;226,68;226,68;-;-;-;-
"520170 ARAGARCAS";73;73;33632,02;26392,76;-;-;7239,26;-;-;460,71;460,71;254;3,5;2;2,74
"520215 ARAGUAPAZ";5;5;2081,39;1837,62;-;-;243,77;-;-;416,28;416,28;23;4,6;-;-
"520235 ARENOPOLIS";10;10;3867,17;3150,13;-;-;717,04;-;-;386,72;386,72;16;1,6;-;-
"520250 ARUANA";24;24;9155,44;7563,75;-;-;1591,69;-;-;381,48;381,48;83;3,5;-;-
"520280 AVELINOPOLIS";1;1;44,22;33,34;-;-;10,88;-;-;44,22;44,22;2;2,0;-;-
"520320 BARRO ALTO";33;33;14413,21;11053,58;-;-;3359,63;-;-;436,76;436,76;104;3,2;-;-
"520330 BELA VISTA DE GOIAS";92;92;34093,94;26509,66;-;-;7584,28;-;-;370,59;370,59;215;2,3;4;4,35
"520340 BOM JARDIM DE GOIAS";16;16;10227,01;6675,29;-;-;3551,72;-;-;639,19;639,19;24;1,5;-;-
"520350 BOM JESUS DE GOIAS";204;204;54167,00;43859,19;-;-;10307,81;-;-;265,52;265,52;387;1,9;5;2,45
"520380 BRITANIA";37;37;15705,48;12551,98;-;-;3153,50;-;-;424,47;424,47;111;3,0;-;-
"520390 BURITI ALEGRE";22;22;6964,62;6007,10;-;-;957,52;-;-;316,57;316,57;97;4,4;-;-
"520410 CACHOEIRA ALTA";64;64;25191,07;19392,17;-;-;5798,90;-;-;393,61;393,61;118;1,8;2;3,13
"520425 CACHOEIRA DOURADA";10;10;3754,16;3243,73;-;-;510,43;-;-;375,42;375,42;17;1,7;-;-
"520430 CACU";61;61;17391,10;14026,75;-;-;3364,35;-;-;285,10;285,10;97;1,6;1;1,64
"520440 CAIAPONIA";124;124;46015,97;36976,92;-;-;9039,05;-;-;371,10;371,10;227;1,8;3;2,42
"520450 CALDAS NOVAS";172;172;176948,48;137644,55;-;-;39303,93;-;-;1028,77;1028,77;639;3,7;5;2,91
"520465 CAMPINACU";52;52;15182,39;12996,51;-;-;2185,88;-;-;291,97;291,97;11;0,2;2;3,85
"520470 CAMPINORTE";27;27;8957,54;7806,43;-;-;1151,11;-;-;331,76;331,76;71;2,6;-;-
"520480 CAMPO ALEGRE DE GOIAS";1;1;218,68;188,00;-;-;30,68;-;-;218,68;218,68;2;2,0;-;-
"520490 CAMPOS BELOS";43;43;18124,47;13129,01;-;-;4995,46;-;-;421,50;421,50;124;2,9;-;-
"520505 CASTELANDIA";4;4;1657,10;1414,14;-;-;242,96;-;-;414,27;414,27;16;4,0;1;25,00
"520510 CATALAO";588;588;1119472,61;842606,31;-;-;276866,30;-;-;1903,86;1903,86;2023;3,4;21;3,57
"520520 CATURAI";3;3;816,03;738,48;-;-;77,55;-;-;272,01;272,01;13;4,3;-;-
"520530 CAVALCANTE";13;13;2599,85;2115,78;-;-;484,07;-;-;199,99;199,99;44;3,4;1;7,69
"520540 CERES";445;445;657792,22;516244,05;-;26738,40;114809,77;-;-;1478,18;1478,18;1081;2,4;19;4,27
"520545 CEZARINA";25;25;8787,68;7770,03;-;-;1017,65;-;-;351,51;351,51;13;0,5;-;-
"520547 CHAPADAO DO CEU";132;132;63238,30;42687,22;-;-;20551,08;-;-;479,08;479,08;234;1,8;1;0,76
"520549 CIDADE OCIDENTAL";26;26;57573,12;10076,21;7708,37;13684,85;6697,21;5721,63;13684,85;2214,35;2214,35;21;0,8;-;-
"520551 COCALZINHO DE GOIAS";27;27;7025,92;5781,61;-;-;1244,31;-;-;260,22;260,22;59;2,2;-;-
"520570 CORREGO DO OURO";6;6;407,16;326,54;-;-;80,62;-;-;67,86;67,86;15;2,5;-;-
"520580 CORUMBA DE GOIAS";20;20;4296,49;3653,12;-;-;643,37;-;-;214,82;214,82;56;2,8;1;5,00
"520590 CORUMBAIBA";27;27;10474,00;9413,10;-;-;1060,90;-;-;387,93;387,93;90;3,3;-;-
"520620 CRISTALINA";90;90;46350,24;32866,90;-;-;13483,34;-;-;515,00;515,00;293;3,3;1;1,11
"520630 CRISTIANOPOLIS";6;6;3001,12;2702,72;-;-;298,40;-;-;500,19;500,19;15;2,5;-;-
"520640 CRIXAS";61;61;27890,75;24204,96;-;-;3685,79;-;-;457,23;457,23;166;2,7;-;-
"520650 CROMINIA";14;14;5196,14;4471,68;-;-;724,46;-;-;371,15;371,15;15;1,1;-;-
"520660 CUMARI";4;4;924,07;800,42;-;-;123,65;-;-;231,02;231,02;16;4,0;-;-
"520670 DAMIANOPOLIS";20;20;6459,72;5260,94;-;-;1198,78;-;-;322,99;322,99;61;3,0;-;-
"520680 DAMOLANDIA";16;16;4203,51;3557,10;-;-;646,41;-;-;262,72;262,72;32;2,0;-;-
"520710 DIORAMA";12;12;4275,52;3669,08;-;-;606,44;-;-;356,29;356,29;28;2,3;-;-
"520725 DOVERLANDIA";6;6;1894,52;1673,82;-;-;220,70;-;-;315,75;315,75;24;4,0;1;16,67
"520740 EDEIA";45;45;18840,73;13519,04;-;-;5321,69;-;-;418,68;418,68;98;2,2;3;6,67
"520750 ESTRELA DO NORTE";8;8;2136,37;1861,04;-;-;275,33;-;-;267,05;267,05;29;3,6;-;-
"520760 FAZENDA NOVA";6;6;2075,12;1834,42;-;-;240,70;-;-;345,85;345,85;14;2,3;-;-
"520780 FIRMINOPOLIS";5;5;2134,84;1914,91;-;-;219,93;-;-;426,97;426,97;16;3,2;1;20,00
"520800 FORMOSA";747;747;516349,01;395150,63;-;-;121198,38;-;-;691,23;691,23;2072;2,8;24;3,21
"520810 FORMOSO";26;26;7377,48;6223,90;-;-;1153,58;-;-;283,75;283,75;60;2,3;-;-
"520830 DIVINOPOLIS DE GOIAS";36;36;18695,83;15087,69;-;-;3608,14;-;-;519,33;519,33;68;1,9;-;-
"520840 GOIANAPOLIS";14;14;6147,95;3939,51;-;-;2208,44;-;-;439,14;439,14;21;1,5;-;-
"520850 GOIANDIRA";2;2;486,28;417,81;-;-;68,47;-;-;243,14;243,14;11;5,5;-;-
"520860 GOIANESIA";250;250;135169,07;101248,79;-;-;33920,28;-;-;540,68;540,68;866;3,5;4;1,60
"520870 GOIANIA";16128;15948;29115926,61;22813844,02;94894,01;342292,47;5818551,39;46344,72;-;1805,30;1825,68;81060;5,1;602;3,77
"520880 GOIANIRA";184;184;115129,34;98915,38;-;-;16213,96;-;-;625,70;625,70;571;3,1;2;1,09
"520890 GOIAS";112;112;226650,49;188101,50;-;-;38548,99;-;-;2023,67;2023,67;430;3,8;15;13,39
"520910 GOIATUBA";97;97;53524,55;31272,06;6242,43;-;12312,74;3697,32;-;551,80;551,80;233;2,4;4;4,12
"520960 HEITORAI";29;29;8745,41;7600,09;-;-;1145,32;-;-;301,57;301,57;62;2,1;-;-
"520970 HIDROLANDIA";81;81;31933,80;24357,78;-;-;7576,02;-;-;394,24;394,24;242;3,0;4;4,94
"520980 HIDROLINA";19;19;7142,25;5676,60;-;-;1465,65;-;-;375,91;375,91;36;1,9;-;-
"520990 IACIARA";71;71;16627,79;13806,97;-;-;2820,82;-;-;234,19;234,19;162;2,3;2;2,82
"520993 INACIOLANDIA";10;10;2934,03;2287,30;-;-;646,73;-;-;293,40;293,40;9;0,9;-;-
"520995 INDIARA";325;325;67915,04;55644,18;-;-;12270,86;-;-;208,97;208,97;128;0,4;-;-
"521000 INHUMAS";140;140;92040,96;75882,49;-;-;16158,47;-;-;657,44;657,44;464;3,3;4;2,86
"521010 IPAMERI";28;28;9048,31;7815,17;-;-;1233,14;-;-;323,15;323,15;95;3,4;2;7,14
"521020 IPORA";112;112;83195,86;45171,97;12455,01;-;18973,82;6595,06;-;742,82;742,82;258;2,3;2;1,79
"521040 ITABERAI";93;93;43461,28;33640,87;-;-;9820,41;-;-;467,33;467,33;261;2,8;-;-
"521060 ITAGUARU";10;10;4531,85;3981,20;-;-;550,65;-;-;453,18;453,18;14;1,4;-;-
"521080 ITAJA";9;9;3407,56;2720,69;-;-;686,87;-;-;378,62;378,62;21;2,3;-;-
"521090 ITAPACI";93;93;33817,55;27962,76;-;-;5854,79;-;-;363,63;363,63;284;3,1;1;1,08
"521100 ITAPIRAPUA";18;18;7784,32;6508,70;-;-;1275,62;-;-;432,46;432,46;48;2,7;-;-
"521120 ITAPURANGA";108;108;60500,46;40441,53;6373,69;-;10231,92;3453,32;-;560,19;560,19;260;2,4;5;4,63
"521130 ITARUMA";7;7;661,51;545,01;-;-;116,50;-;-;94,50;94,50;9;1,3;-;-
"521140 ITAUCU";19;19;5160,52;4318,51;-;-;842,01;-;-;271,61;271,61;87;4,6;-;-
"521150 ITUMBIARA";800;800;1017397,33;849110,18;-;-;168287,15;-;-;1271,75;1271,75;3380;4,2;38;4,75
"521160 IVOLANDIA";4;4;1723,59;1494,45;-;-;229,14;-;-;430,90;430,90;12;3,0;-;-
"521180 JARAGUA";382;382;148457,17;111258,20;-;-;37198,97;-;-;388,63;388,63;624;1,6;3;0,79
"521190 JATAI";244;244;195955,09;144163,64;-;-;51791,45;-;-;803,09;803,09;897;3,7;3;1,23
"521200 JAUPACI";16;16;9735,91;6709,73;-;-;3026,18;-;-;608,49;608,49;22;1,4;-;-
"521210 JOVIANIA";14;14;7023,48;5136,15;-;-;1887,33;-;-;501,68;501,68;18;1,3;-;-
"521220 JUSSARA";87;87;53389,24;33942,06;4750,47;-;11322,77;3373,94;-;613,67;613,67;190;2,2;-;-
"521250 LUZIANIA";522;522;453586,28;330046,31;-;-;123539,97;-;-;868,94;868,94;1722;3,3;13;2,49
"521260 MAIRIPOTABA";5;5;1827,65;1631,87;-;-;195,78;-;-;365,53;365,53;13;2,6;1;20,00
"521270 MAMBAI";23;23;7867,62;6286,73;-;-;1580,89;-;-;342,07;342,07;46;2,0;-;-
"521280 MARA ROSA";39;39;30068,59;13818,91;6377,05;-;6149,28;3723,35;-;770,99;770,99;96;2,5;-;-
"521290 MARZAGAO";3;3;1266,11;1134,11;-;-;132,00;-;-;422,04;422,04;10;3,3;-;-
"521295 MATRINCHA";14;14;4261,05;3609,49;-;-;651,56;-;-;304,36;304,36;36;2,6;-;-
"521300 MAURILANDIA";21;21;11905,95;8567,50;-;-;3338,45;-;-;566,95;566,95;28;1,3;1;4,76
"521308 MINACU";110;110;42447,00;33470,54;-;-;8976,46;-;-;385,88;385,88;315;2,9;6;5,45
"521310 MINEIROS";359;359;447359,56;267809,82;-;105187,58;72785,80;-;1576,36;1246,13;1246,13;901;2,5;6;1,67
"521350 MONTE ALEGRE DE GOIAS";5;5;2292,47;2051,14;-;-;241,33;-;-;458,49;458,49;13;2,6;-;-
"521370 MONTES CLAROS DE GOIAS";5;5;2206,81;1842,39;-;-;364,42;-;-;441,36;441,36;17;3,4;1;20,00
"521375 MONTIVIDIU";34;34;10582,40;8386,65;-;-;2195,75;-;-;311,25;311,25;105;3,1;1;2,94
"521380 MORRINHOS";198;198;206148,53;143855,15;14240,26;-;40029,28;8023,84;-;1041,15;1041,15;788;4,0;14;7,07
"521385 MORRO AGUDO DE GOIAS";8;8;3859,09;3446,14;-;-;412,95;-;-;482,39;482,39;35;4,4;-;-
"521390 MOSSAMEDES";5;5;2126,80;1727,29;-;-;399,51;-;-;425,36;425,36;13;2,6;-;-
"521400 MOZARLANDIA";198;198;87547,37;76185,59;-;-;11361,78;-;-;442,16;442,16;593;3,0;-;-
"521405 MUNDO NOVO";69;69;20739,34;17027,57;-;-;3711,77;-;-;300,57;300,57;155;2,2;-;-
"521410 MUTUNOPOLIS";31;31;11141,29;8674,64;-;-;2466,65;-;-;359,40;359,40;83;2,7;1;3,23
"521450 NEROPOLIS";319;319;1086943,28;924086,41;-;9711,36;148298,96;-;4846,55;3407,35;3407,35;2455;7,7;55;17,24
"521460 NIQUELANDIA";124;124;82458,87;37943,66;19159,80;-;14670,93;10684,48;-;664,99;664,99;311;2,5;2;1,61
"521483 NOVA CRIXAS";35;35;15608,71;13323,07;-;-;2285,64;-;-;445,96;445,96;91;2,6;-;-
"521520 NOVO BRASIL";7;7;3268,93;2841,75;-;-;427,18;-;-;466,99;466,99;16;2,3;-;-
"521530 ORIZONA";28;28;6837,97;5274,73;-;-;1563,24;-;-;244,21;244,21;59;2,1;-;-
"521550 OUVIDOR";26;26;9729,43;8447,93;-;-;1281,50;-;-;374,21;374,21;152;5,8;-;-
"521560 PADRE BERNARDO";13;13;4475,42;3839,51;-;-;635,91;-;-;344,26;344,26;63;4,8;-;-
"521565 PALESTINA DE GOIAS";10;10;5356,61;4029,98;-;-;1326,63;-;-;535,66;535,66;24;2,4;-;-
"521580 PALMELO";6;6;1912,69;1697,64;-;-;215,05;-;-;318,78;318,78;22;3,7;-;-
"521590 PALMINOPOLIS";7;7;2076,92;1623,88;-;-;453,04;-;-;296,70;296,70;10;1,4;-;-
"521630 PARANAIGUARA";86;86;30102,91;25073,12;-;-;5029,79;-;-;350,03;350,03;155;1,8;2;2,33
"521640 PARAUNA";20;20;4569,33;4042,80;-;-;526,53;-;-;228,47;228,47;57;2,9;-;-
"521680 PETROLINA DE GOIAS";51;51;30720,84;27620,06;-;-;3100,78;-;-;602,37;602,37;241;4,7;-;-
"521710 PIRACANJUBA";75;75;29482,81;24025,80;-;-;5457,01;-;-;393,10;393,10;265;3,5;1;1,33
"521720 PIRANHAS";63;63;23018,14;18989,62;-;-;4028,52;-;-;365,37;365,37;156;2,5;-;-
"521730 PIRENOPOLIS";301;301;129721,22;102101,65;-;-;27619,57;-;-;430,97;430,97;950;3,2;10;3,32
"521740 PIRES DO RIO";96;96;44237,43;35451,44;-;-;8785,99;-;-;460,81;460,81;254;2,6;4;4,17
"521760 PLANALTINA";229;229;104231,32;80637,02;-;-;23594,30;-;-;455,16;455,16;732;3,2;6;2,62
"521770 PONTALINA";75;75;35287,89;26884,77;-;-;8403,12;-;-;470,51;470,51;188;2,5;2;2,67
"521800 PORANGATU";242;242;115168,00;85624,67;735,62;-;28287,78;519,93;-;475,90;475,90;571;2,4;9;3,72
"521805 PORTEIRAO";6;6;986,17;812,21;-;-;173,96;-;-;164,36;164,36;3;0,5;-;-
"521810 PORTELANDIA";10;10;2248,36;1954,34;-;-;294,02;-;-;224,84;224,84;43;4,3;-;-
"521830 POSSE";179;179;63313,13;48555,86;-;-;14757,27;-;-;353,70;353,70;354;2,0;5;2,79
"521850 QUIRINOPOLIS";406;406;208930,86;157865,95;10403,77;-;35550,31;5110,83;-;514,61;514,61;1016;2,5;5;1,23
"521860 RIALMA";36;36;8596,44;7480,34;-;-;1116,10;-;-;238,79;238,79;102;2,8;1;2,78
"521878 RIO QUENTE";8;8;1495,82;1316,15;-;-;179,67;-;-;186,98;186,98;7;0,9;-;-
"521880 RIO VERDE";1124;1124;1261201,82;1007488,01;5302,36;12662,53;230112,23;5003,69;633,00;1122,07;1122,07;4888;4,3;35;3,11
"521890 RUBIATABA";28;28;12690,41;11139,19;-;-;1551,22;-;-;453,23;453,23;53;1,9;-;-
"521900 SANCLERLANDIA";14;14;3519,11;2962,17;-;-;556,94;-;-;251,37;251,37;56;4,0;1;7,14
"521925 SANTA FE DE GOIAS";3;3;1637,19;1187,04;-;-;450,15;-;-;545,73;545,73;3;1,0;-;-
"521930 SANTA HELENA DE GOIAS";702;702;686943,54;544460,22;-;-;142483,32;-;-;978,55;978,55;2020;2,9;21;2,99
"521950 SANTA ROSA DE GOIAS";9;9;4763,33;3584,62;-;-;1178,71;-;-;529,26;529,26;18;2,0;-;-
"521960 SANTA TEREZA DE GOIAS";9;9;3987,31;3605,49;-;-;381,82;-;-;443,03;443,03;37;4,1;-;-
"521970 SANTA TEREZINHA DE GOIAS";14;14;5096,82;4314,19;-;-;782,63;-;-;364,06;364,06;37;2,6;2;14,29
"521973 SANTO ANTONIO DE GOIAS";16;16;5915,55;5133,05;-;-;782,50;-;-;369,72;369,72;51;3,2;1;6,25
"521975 SANTO ANTONIO DO DESCOBERTO";34;34;9129,12;7658,95;-;-;1470,17;-;-;268,50;268,50;322;9,5;1;2,94
"521980 SAO DOMINGOS";32;32;7702,88;6143,57;-;-;1559,31;-;-;240,72;240,72;67;2,1;-;-
"522010 SAO LUIS DE MONTES BELOS";370;370;258118,61;204458,93;-;-;53659,68;-;-;697,62;697,62;1222;3,3;7;1,89
"522015 SAO LUIZ DO NORTE";7;7;3984,62;3189,88;-;-;794,74;-;-;569,23;569,23;18;2,6;-;-
"522020 SAO MIGUEL DO ARAGUAIA";94;94;38808,90;29077,22;-;-;9731,68;-;-;412,86;412,86;145;1,5;-;-
"522026 SAO MIGUEL DO PASSA QUATRO";5;5;1299,21;1112,60;-;-;186,61;-;-;259,84;259,84;13;2,6;-;-
"522040 SAO SIMAO";122;122;52457,28;39948,47;-;813,92;10880,97;-;813,92;429,98;429,98;274;2,2;6;4,92
"522045 SENADOR CANEDO";275;275;303330,30;234453,81;-;-;68876,49;-;-;1103,02;1103,02;1158;4,2;13;4,73
"522050 SERRANOPOLIS";6;6;2172,95;1946,40;-;-;226,55;-;-;362,16;362,16;8;1,3;-;-
"522060 SILVANIA";164;164;57329,31;41472,00;-;-;15857,31;-;-;349,57;349,57;235;1,4;2;1,22
"522068 SIMOLANDIA";17;17;7251,72;6359,38;-;-;892,34;-;-;426,57;426,57;56;3,3;-;-
"522140 TRINDADE";721;419;952023,02;834124,08;-;-;117898,94;-;-;1320,42;2272,13;10655;25,4;13;3,10
"522145 TROMBAS";5;5;1448,01;1276,53;-;-;171,48;-;-;289,60;289,60;13;2,6;-;-
"522150 TURVANIA";47;47;8012,76;6688,55;-;-;1324,21;-;-;170,48;170,48;113;2,4;-;-
"522155 TURVELANDIA";11;11;1321,00;1105,10;-;-;215,90;-;-;120,09;120,09;14;1,3;-;-
"522160 URUACU";1501;1501;1337619,06;1096630,66;-;-;240988,40;-;-;891,15;891,15;7451;5,0;68;4,53
"522170 URUANA";46;46;11871,34;10164,29;-;-;1707,05;-;-;258,07;258,07;100;2,2;-;-
"522185 VALPARAISO DE GOIAS";146;146;57024,92;49914,56;-;-;7110,36;-;-;390,58;390,58;157;1,1;8;5,48
"522200 VIANOPOLIS";28;28;7460,86;5668,44;-;-;1792,42;-;-;266,46;266,46;50;1,8;1;3,57
"522205 VICENTINOPOLIS";30;30;14673,20;10512,04;-;-;4161,16;-;-;489,11;489,11;163;5,4;-;-
"530010 BRASILIA";22120;22032;30961244,28;24463622,74;326853,96;-;6006957,44;163810,14;-;1399,69;1405,29;127019;5,8;573;2,60